10 50
3 2 37 9 2 40 11 17 43 44 9 41 15 34 42 40 40 49 48 28 24 2 20 13 1 20 39 22 19 10 24 10 12 37 34 8 22 25 40 28 22 47 44 3 40 50 40 23 14 27
15 48 31 34 41 40 48 48 6 46 14 23 26 18 30 25 17 24 45 8 45 45 34 8 39 21 19 18 14 43 23 23 27 41 37 40 20 20 11 9 33 1 36 10 13 43 31 20 27 12
31 46 45 46 6 4 46 19 7 39 49 11 27 21 11 37 17 17 17 42 29 2 47 10 37 6 41 44 44 10 29 32 12 29 26 2 31 5 22 26 49 38 24 33 13 31 1 32 49 49
39 35 45 21 7 24 17 50 25 43 27 16 4 50 21 32 12 29 9 31 24 10 7 41 31 16 19 13 40 45 50 2 27 11 37 40 27 21 17 2 6 25 2 35 30 40 46 43 44 38
34 49 17 22 9 48 20 16 13 27 8 35 26 17 45 28 10 16 2 18 7 21 18 8 5 16 21 4 35 49 17 24 39 29 11 44 24 26 33 47 14 16 34 46 31 24 12 19 15 23
20 44 39 10 13 22 16 15 42 34 49 21 40 24 46 22 20 5 15 14 9 8 28 32 37 18 33 25 8 45 10 19 7 25 45 15 42 36 3 8 16 25 38 28 40 30 37 1 33 25
50 17 40 48 35 25 18 4 23 4 30 42 18 10 33 34 10 32 46 8 10 23 36 3 39 11 13 28 30 25 45 43 49 50 33 40 7 25 20 18 11 18 48 39 9 25 23 6 47 43
41 6 14 35 48 14 37 6 27 35 35 47 23 35 24 4 44 11 8 9 30 12 14 1 50 41 16 25 39 50 34 6 39 25 47 27 33 23 9 12 7 3 35 10 26 41 16 14 22 4
1 37 12 2 1 16 32 48 33 44 37 16 5 42 34 13 48 41 34 14 36 6 48 34 18 21 32 24 30 4 11 1 25 21 23 22 17 33 23 39 15 30 11 18 29 18 36 43 8 33
31 37 6 38 36 12 24 7 48 1 46 39 43 17 46 22 8 50 36 49 35 49 12 18 14 35 10 6 18 7 47 28 8 13 33 5 24 45 39 36 35 30 36 17 27 50 20 43 24 11

50 10
29 25 33 40 42 43 25 47 9 42
48 31 6 14 48 10 28 40 23 35
33 33 45 13 1 14 34 9 46 41
37 7 33 35 17 34 30 46 4 46
47 48 33 24 41 15 17 33 15 27
28 38 47 1 33 36 9 33 1 31
18 4 38 9 46 17 28 35 8 12
30 11 7 21 34 49 42 20 10 48
49 2 10 28 45 29 3 17 1 18
34 43 16 4 44 48 12 7 42 45
42 6 35 22 4 1 7 22 29 33
26 33 1 12 3 37 17 11 4 7
50 37 9 24 10 41 3 38 33 21
20 3 26 46 37 26 3 16 24 26
48 18 18 1 13 40 20 20 34 31
47 1 19 3 19 10 22 22 34 40
48 12 23 11 10 20 45 6 8 28
14 23 30 22 16 20 6 36 16 11
19 29 11 6 17 43 40 45 33 36
20 11 1 41 7 1 20 36 26 50
27 12 22 37 12 31 35 26 36 13
24 8 35 3 11 27 48 49 45 27
23 18 46 38 10 23 27 3 26 40
35 18 25 5 36 39 33 45 44 31
20 32 37 39 28 41 35 4 28 16
25 47 15 17 19 17 46 16 1 2
19 45 23 7 24 29 7 24 21 39
26 23 8 38 22 11 34 50 22 14
33 43 30 18 22 37 15 20 24 3
36 14 22 11 1 17 4 4 10 16
6 22 45 17 8 50 7 5 48 21
1 13 35 9 37 50 3 46 32 42
41 30 38 1 27 5 50 7 26 3
20 32 13 37 41 12 15 17 29 42
8 46 14 24 48 30 22 31 22 38
32 9 20 13 10 21 8 11 44 41
41 48 13 23 17 35 36 23 32 6
40 22 27 38 12 32 12 47 23 45
3 18 41 17 50 1 36 6 24 14
23 21 36 25 18 39 26 18 42 11
48 5 1 36 40 44 37 28 6 41
17 39 36 26 14 44 5 2 15 15
34 21 35 10 5 39 45 13 39 42
27 41 13 28 28 8 21 14 4 3
25 23 48 47 30 45 28 46 23 16
12 24 44 25 7 2 2 49 22 3
23 9 35 38 23 12 49 27 7 8
50 12 17 50 4 45 29 36 38 47
50 42 13 49 44 35 4 24 3 2
5 30 32 7 16 17 19 49 40 35
