100 50
378 214 139 123 172 216 406 433 100 415 162 262 376 140 353 407 131 417 321 127 464 246 399 175 326 379 234 126 497 250 53 20 326 134 39 290 362 279 301 146 112 64 69 32 310 152 131 268 427 420
11 478 60 474 125 11 216 30 220 153 497 213 358 152 134 240 339 243 437 175 418 106 210 182 255 443 310 134 212 144 16 319 202 307 428 350 375 93 161 235 465 399 200 285 289 352 446 373 238 4
161 173 406 375 359 302 93 21 84 374 348 344 40 431 351 9 424 351 295 187 159 76 52 111 85 229 6 344 179 103 323 6 171 471 200 472 110 41 321 175 284 151 285 383 118 326 84 53 333 356
362 444 135 422 114 466 54 47 213 226 153 451 311 439 111 153 173 215 370 38 135 430 364 364 434 355 469 82 130 418 20 447 86 466 274 344 362 281 66 457 166 425 254 220 484 480 281 412 215 462
226 89 309 333 236 194 457 449 247 355 378 238 257 301 213 139 185 469 472 372 440 173 129 198 19 212 55 435 277 354 175 331 327 221 474 423 316 356 312 132 415 248 318 284 283 357 105 210 148 467
142 324 460 443 145 303 309 384 400 65 338 102 187 303 132 10 53 72 450 449 106 306 219 126 357 365 328 226 87 179 105 434 261 415 221 358 391 418 366 465 410 3 461 146 480 174 365 413 227 471
178 462 386 254 289 444 215 285 274 307 406 225 375 13 177 151 327 16 458 469 408 355 368 143 176 170 126 143 467 93 216 474 488 81 79 235 74 71 348 264 13 62 300 487 484 197 492 440 280 180
432 191 198 272 381 339 333 232 69 59 247 378 318 260 12 399 291 376 281 405 78 125 95 447 322 437 248 352 251 37 390 69 49 66 402 419 489 170 323 43 198 304 483 161 416 168 161 121 42 242
27 125 189 399 189 60 353 197 257 341 211 399 323 462 174 152 470 153 182 146 204 230 221 334 297 348 493 196 197 423 106 457 467 199 129 257 335 383 351 426 398 429 60 30 26 174 96 321 483 258
59 459 132 192 42 7 125 44 250 39 254 143 236 224 18 87 467 17 398 392 479 464 366 217 256 213 262 465 165 165 324 13 8 52 399 429 324 61 55 455 437 190 377 340 235 111 291 175 361 27
478 154 134 57 22 393 251 211 100 480 415 316 175 388 401 440 317 6 300 29 411 94 374 389 109 42 141 145 377 213 440 174 253 22 298 7 111 220 377 55 11 183 377 109 500 416 49 8 368 210
212 114 237 10 381 53 9 187 301 336 326 41 267 438 71 446 63 286 203 304 163 216 499 121 474 82 236 188 116 132 448 77 150 208 122 442 65 442 433 482 165 205 222 74 390 345 117 329 325 229
167 396 176 395 334 437 297 272 498 456 333 345 175 147 347 422 332 378 206 261 380 343 347 23 106 338 290 176 150 134 275 140 321 255 18 327 427 226 321 120 293 56 2 428 149 425 336 424 231 357
234 175 299 11 79 205 70 74 389 119 176 174 354 32 150 344 76 92 257 201 257 376 292 301 63 262 469 469 154 438 276 473 69 132 95 37 23 336 298 137 473 152 47 495 443 491 175 496 318 141
111 484 22 442 332 220 357 124 40 200 248 35 392 85 398 449 370 390 40 466 97 465 280 374 450 156 95 488 484 491 350 119 498 36 369 473 466 284 240 46 205 395 248 77 264 310 395 443 301 498
487 383 192 206 282 21 286 288 156 73 24 202 444 131 334 201 474 171 160 123 199 352 365 221 278 47 463 491 183 46 64 318 222 230 25 275 242 471 282 290 318 281 245 301 37 392 381 278 363 61
316 141 475 200 487 99 477 46 138 420 39 428 227 244 30 491 93 107 477 384 319 395 366 162 294 397 426 405 226 324 68 196 266 67 269 296 6 239 39 99 38 270 2 357 296 199 174 435 305 91
385 176 246 399 168 108 495 174 154 326 421 322 341 479 54 422 393 67 388 432 337 59 348 198 144 390 469 210 433 467 94 291 46 231 270 205 361 23 259 128 419 471 227 309 415 440 481 308 86 373
150 267 98 117 179 186 11 473 145 226 223 439 29 20 115 481 309 380 87 26 300 470 374 447 46 294 464 219 114 10 269 201 356 304 326 170 179 403 208 393 361 27 122 11 160 495 228 403 158 422
2 239 366 148 166 400 293 149 266 445 182 486 67 44 298 266 331 225 335 361 497 454 213 91 435 188 68 144 449 287 442 203 335 393 134 72 112 50 441 233 495 119 360 153 16 39 304 361 220 230
5 400 398 59 223 473 138 218 384 152 361 472 102 261 335 60 10 27 79 435 172 260 12 493 445 170 229 262 79 492 199 454 209 402 253 113 203 238 471 460 64 258 183 433 86 371 85 181 325 485
293 191 336 353 347 4 14 258 118 231 42 64 474 213 396 101 27 143 397 134 40 447 245 488 384 471 274 461 270 461 430 342 466 209 274 270 82 203 169 489 494 335 313 8 230 474 265 244 436 105
374 269 462 162 422 32 443 210 185 332 299 380 231 426 263 462 162 334 168 262 2 307 442 41 309 71 198 33 225 156 357 87 327 452 297 42 173 161 438 386 154 477 94 239 436 339 96 172 195 489
477 2 403 152 95 413 423 312 231 210 485 190 493 349 452 268 309 73 323 95 43 248 290 457 43 467 447 475 3 21 26 454 138 307 178 76 400 297 272 244 78 269 11 306 236 157 155 205 150 334
309 335 49 207 1 216 245 195 159 345 425 218 131 477 308 378 274 49 149 195 232 278 92 67 25 473 185 319 120 270 26 64 208 473 305 114 393 371 267 235 137 395 105 46 118 380 35 125 379 19
445 490 492 400 243 92 21 348 164 252 159 321 35 88 301 134 201 457 458 118 392 41 201 89 207 151 326 77 472 150 116 27 468 98 167 138 11 187 183 148 314 7 127 111 53 13 130 227 142 432
315 25 130 352 197 152 340 353 306 219 272 464 87 321 346 73 73 361 205 383 91 475 132 423 390 201 225 178 128 10 392 446 243 61 176 255 477 449 213 272 97 106 116 136 396 56 308 209 304 367
242 494 497 429 174 85 172 223 1 464 48 125 319 140 460 123 378 358 246 262 310 144 313 446 325 133 93 46 383 452 159 287 163 476 475 110 313 129 86 319 173 31 446 293 174 330 425 490 23 46
50 1 426 199 489 55 25 235 431 494 107 123 71 45 411 235 362 309 56 434 293 74 494 468 235 363 128 133 261 156 204 94 370 301 373 205 106 418 268 344 376 318 181 267 133 146 370 282 382 112
306 10 308 202 223 362 329 219 310 121 111 222 325 405 253 34 9 26 495 311 328 360 118 37 217 136 304 253 434 156 131 349 146 142 475 75 8 270 150 117 225 305 320 45 438 128 370 431 348 411
290 4 317 342 2 296 30 307 329 359 230 91 358 98 7 174 185 283 13 115 219 373 119 284 453 402 400 141 14 302 419 228 167 82 168 343 263 214 390 405 381 72 425 248 33 33 459 101 472 122
427 376 270 349 127 399 98 456 248 495 205 207 305 264 404 70 115 442 499 424 86 486 33 59 49 367 20 150 403 224 432 380 201 186 323 410 73 397 380 192 408 276 457 336 158 98 368 61 75 339
346 101 240 74 423 277 427 71 236 85 206 438 71 15 350 142 40 325 136 486 159 366 270 492 163 100 374 430 59 195 456 218 381 247 175 25 437 230 387 374 391 117 153 341 207 290 207 387 350 84
158 128 240 475 106 125 197 56 369 82 153 61 417 98 274 497 57 150 185 287 26 281 214 435 102 147 360 170 87 354 434 263 393 67 141 133 236 431 214 153 413 481 223 111 53 438 489 320 375 69
89 344 62 411 41 186 297 378 110 288 153 63 6 322 326 358 112 364 24 165 158 216 129 325 126 431 370 78 253 6 237 226 207 33 328 303 358 362 236 266 162 269 470 306 440 368 278 465 263 450
230 200 317 35 95 132 325 279 416 448 446 417 318 71 322 243 112 343 370 347 334 423 208 64 392 348 392 483 253 276 491 247 119 468 241 353 121 225 194 9 361 403 96 6 224 8 205 281 229 395
81 252 259 148 37 400 171 369 418 188 373 352 213 181 329 428 254 50 172 221 315 461 309 272 464 331 132 67 475 411 67 393 56 383 344 346 212 437 233 333 64 247 474 311 48 50 263 391 196 296
447 470 77 177 424 279 308 170 397 251 155 374 374 233 233 310 385 83 356 350 309 100 143 252 496 29 455 5 214 248 348 104 68 405 296 316 328 219 251 121 425 194 214 45 412 163 432 364 66 75
40 278 264 310 246 96 380 190 16 263 368 351 498 422 345 124 30 142 396 231 180 355 240 26 12 111 75 452 306 164 445 89 233 337 73 114 169 178 138 335 307 90 17 290 471 258 483 157 49 146
236 138 140 13 408 137 228 150 146 37 393 496 195 354 212 437 6 275 84 132 284 372 310 486 369 163 241 135 282 475 328 323 72 454 251 316 31 377 77 184 241 191 401 47 485 94 34 119 309 187
176 307 243 96 463 438 35 205 4 428 70 226 321 413 171 357 229 235 107 127 232 5 242 149 270 403 277 451 200 69 452 374 492 99 456 396 195 16 388 383 428 246 338 449 237 211 38 74 438 464
392 160 495 167 303 75 170 426 172 281 80 364 23 77 372 216 474 445 232 366 407 95 246 289 339 358 182 357 82 439 5 58 78 107 86 309 433 403 71 29 35 154 100 105 231 31 483 188 293 325
407 430 368 488 364 488 82 372 354 500 207 265 401 121 491 32 176 383 40 497 141 400 368 21 382 136 440 484 400 221 479 441 451 430 85 321 172 428 333 4 14 9 207 201 377 478 462 103 482 6
386 236 213 254 12 372 413 469 470 307 116 416 58 27 104 55 480 88 480 191 315 290 195 163 39 76 201 48 246 420 128 477 297 171 133 185 8 497 354 102 416 242 388 301 231 122 302 274 150 227
273 306 408 158 496 84 482 495 210 236 339 341 77 29 387 446 79 215 202 294 33 78 58 192 247 326 235 313 496 95 415 84 112 256 187 269 150 426 232 212 485 240 446 482 60 261 187 323 331 10
15 164 249 219 78 91 257 80 20 234 496 247 124 355 217 367 471 148 328 396 235 380 365 6 75 358 229 384 330 123 467 400 208 232 400 469 370 478 290 444 451 133 393 486 331 130 141 124 369 197
268 267 380 184 216 48 177 146 156 132 87 308 339 133 393 364 119 239 83 402 331 164 314 414 446 220 480 223 255 95 170 322 151 465 471 112 309 87 73 90 395 14 353 260 450 282 473 175 398 114
159 196 11 192 261 430 367 299 263 352 430 496 456 431 404 311 317 30 421 347 468 222 400 455 320 159 103 326 5 230 63 477 443 90 63 338 137 89 108 61 273 290 119 297 392 288 117 97 287 262
368 99 143 407 195 290 47 283 482 104 230 239 271 22 341 65 452 72 6 123 420 419 34 227 450 327 139 199 97 41 355 462 126 448 321 94 200 264 447 423 356 212 351 2 457 188 48 291 136 485
141 324 266 213 418 281 238 250 383 100 289 49 73 81 198 281 87 7 348 296 155 282 264 460 48 410 159 298 212 114 299 160 93 150 426 493 232 175 95 29 163 268 227 314 444 105 449 209 23 342
274 173 350 197 228 447 92 405 135 233 437 203 249 473 497 31 125 294 174 169 94 164 373 312 120 496 349 35 274 424 398 44 446 309 38 310 316 462 358 62 142 309 161 102 282 147 474 296 310 146
402 492 328 298 202 175 285 278 300 316 47 243 255 469 472 161 141 130 370 362 457 486 459 453 270 215 221 267 127 106 238 438 18 2 461 32 209 14 125 449 63 393 81 7 469 335 102 89 448 407
406 134 420 263 448 139 168 321 399 183 275 455 423 415 158 451 136 113 15 83 257 345 196 12 68 478 302 144 54 406 457 49 467 239 97 212 343 7 330 131 120 59 488 51 250 304 277 121 263 72
478 437 94 293 393 440 146 310 185 489 309 306 177 27 253 464 104 309 339 335 102 483 449 2 287 176 90 285 49 271 431 103 132 242 87 59 164 398 190 165 88 428 94 43 488 426 70 275 354 355
414 465 171 118 192 245 90 384 89 218 271 271 486 383 151 496 432 143 68 471 191 298 401 321 422 302 56 348 45 320 324 208 149 497 326 336 354 179 231 368 124 66 56 184 172 374 12 341 402 407
350 177 373 495 301 172 465 152 82 299 139 155 95 424 100 232 48 386 36 47 139 61 45 132 479 261 302 233 480 454 93 207 66 140 321 355 338 12 333 262 6 471 78 42 75 220 188 68 473 289
55 289 15 285 107 278 264 28 478 333 170 86 179 446 256 283 460 373 192 462 315 190 120 150 296 42 306 201 480 468 492 445 76 197 344 165 255 310 403 255 365 147 452 338 125 165 318 278 163 272
176 309 9 348 219 473 14 183 464 20 256 170 96 289 255 38 132 246 500 386 138 31 300 434 126 383 120 183 73 320 451 86 361 92 177 49 497 177 320 166 230 160 212 399 93 40 272 206 451 393
409 392 185 311 387 28 324 166 306 48 24 127 197 394 46 144 314 304 299 392 293 500 281 215 199 393 82 218 353 233 48 115 100 463 382 329 410 271 288 30 226 473 470 357 73 268 257 205 245 256
64 474 422 290 23 91 240 361 54 60 341 480 221 263 324 422 419 318 260 467 469 365 459 175 447 232 455 451 386 222 198 447 90 467 242 399 298 323 177 415 96 173 269 223 239 11 396 290 223 73
455 28 329 167 217 343 480 219 194 348 397 109 259 251 72 174 210 421 186 410 300 223 350 204 102 173 78 9 200 441 490 267 348 356 54 417 117 480 222 35 163 94 432 428 334 236 362 91 136 23
94 25 289 90 398 159 269 451 249 240 158 240 399 106 157 74 105 208 276 290 319 9 269 145 144 111 121 127 409 468 244 104 148 164 478 264 21 227 119 74 117 18 488 279 188 383 262 427 460 119
167 259 41 439 208 157 225 265 9 366 288 446 216 62 199 399 483 490 167 158 441 194 263 185 219 415 63 134 321 89 413 408 388 279 342 82 176 377 9 391 302 322 163 458 200 462 491 213 168 161
346 342 114 43 176 482 482 474 472 413 179 301 101 3 312 152 195 86 240 335 246 263 214 491 102 486 335 186 34 433 333 118 456 213 13 302 387 498 182 52 167 388 29 136 239 96 438 95 354 366
270 181 251 184 216 255 86 433 272 25 216 375 149 500 44 181 192 209 39 175 434 120 170 445 352 284 263 15 357 117 316 336 123 351 489 349 80 97 494 9 376 4 135 110 467 377 150 432 369 271
325 323 266 296 298 264 209 358 348 431 383 124 194 261 67 455 265 170 274 61 486 471 317 414 271 98 182 29 279 401 451 215 350 312 290 352 465 33 61 371 143 77 361 129 495 258 214 176 400 301
488 401 468 294 471 221 433 48 115 218 85 461 120 412 265 120 280 152 44 485 456 482 75 8 18 489 265 212 422 24 356 345 345 188 341 248 63 216 122 164 175 19 263 127 87 137 282 135 429 1
114 369 265 432 392 329 487 452 26 224 235 171 214 298 258 179 412 432 490 351 194 24 115 355 412 194 161 166 187 133 286 138 254 436 115 235 43 320 407 48 176 444 421 461 395 197 11 395 400 369
341 42 2 326 382 438 294 263 88 367 255 88 165 371 203 217 88 49 2 418 66 288 185 423 157 281 52 122 134 437 270 429 40 5 275 371 279 352 495 396 451 103 149 2 313 150 226 38 430 138
142 207 266 457 49 385 268 278 282 362 354 183 54 27 490 308 105 44 335 156 71 21 380 38 363 332 363 380 318 256 81 59 254 6 394 277 468 312 466 488 282 103 308 24 499 385 205 63 281 184
262 458 39 66 249 89 375 71 54 263 310 81 103 402 335 218 380 328 33 72 70 392 349 314 408 370 309 67 11 497 245 49 181 138 1 269 213 256 463 306 388 463 258 21 218 500 448 90 148 195
472 10 200 378 401 298 161 357 94 322 426 356 4 235 163 155 346 220 255 292 258 11 496 338 340 98 114 7 348 378 365 343 279 18 489 457 416 190 243 349 387 408 40 421 454 426 172 55 380 477
419 425 458 8 133 91 141 434 75 228 238 136 70 435 273 68 398 345 440 193 162 198 432 16 339 415 411 439 373 493 391 303 151 435 220 112 477 247 356 50 458 262 259 211 237 238 47 127 207 217
228 133 489 299 135 90 486 202 218 468 346 204 441 395 246 316 100 93 121 494 479 30 39 46 350 464 214 212 460 423 87 4 308 143 404 72 113 217 148 231 106 172 408 210 323 116 160 198 500 93
298 152 44 322 260 285 18 394 461 238 77 319 368 225 347 272 65 45 347 403 22 328 41 121 462 235 203 418 252 343 416 228 313 494 9 477 431 431 472 406 209 112 358 101 392 197 271 256 230 218
115 364 111 292 367 115 364 4 390 373 282 355 117 363 208 333 392 100 391 305 467 319 357 275 208 494 479 143 145 32 112 312 339 333 247 497 250 269 448 121 312 495 366 428 390 157 418 123 41 61
93 440 26 240 295 490 421 287 372 263 131 196 354 287 121 246 468 214 318 116 20 365 266 337 347 364 53 299 22 155 482 79 368 329 250 2 240 84 53 455 336 336 10 446 399 465 481 430 371 163
260 444 202 77 411 17 286 430 473 227 78 347 472 175 102 304 393 478 194 392 128 147 472 52 142 251 3 171 314 66 383 298 498 265 328 85 238 316 19 274 420 64 480 146 355 118 118 93 145 100
279 134 136 309 5 100 396 473 405 129 402 172 140 197 95 26 349 184 249 26 62 402 119 233 339 359 213 206 196 192 435 342 452 436 35 374 248 146 59 164 205 316 242 72 336 45 276 439 300 342
49 66 106 117 204 302 84 52 488 237 311 396 128 229 271 336 405 233 428 230 241 100 216 210 28 338 425 127 241 197 83 307 162 55 477 247 128 42 171 284 122 280 88 173 401 425 66 312 355 258
374 112 259 151 299 107 228 11 375 122 17 79 451 84 366 335 47 166 231 160 148 50 278 54 349 192 246 15 451 490 226 286 158 325 442 138 390 194 44 330 144 453 364 139 317 50 77 173 195 189
284 82 144 355 180 126 33 462 273 298 475 161 314 315 395 108 308 146 348 236 322 452 182 379 78 468 232 320 146 48 165 300 328 476 181 290 6 363 423 364 430 135 390 154 461 498 343 274 344 393
269 197 467 329 22 95 12 444 475 124 104 399 350 81 164 440 263 74 341 236 484 198 151 379 63 125 194 156 288 466 90 4 238 418 443 228 344 367 478 318 176 23 317 258 87 333 388 58 218 392
345 435 228 300 299 350 43 213 426 156 444 470 23 472 192 127 140 342 472 275 371 463 246 35 150 221 491 497 483 411 36 339 69 462 178 117 387 161 62 300 38 327 262 95 146 116 204 377 150 479
24 307 373 12 370 470 173 322 262 251 436 236 129 359 47 100 68 310 413 305 143 51 410 92 225 210 453 202 171 26 413 10 307 371 300 490 304 495 290 457 370 437 29 116 45 66 2 113 71 28
252 4 488 237 380 260 397 27 268 240 194 2 244 105 282 91 206 82 371 233 203 306 337 261 311 483 92 153 206 321 10 260 442 289 453 491 179 302 120 405 454 378 58 36 119 436 103 22 109 403
401 440 245 379 269 84 405 432 459 430 159 184 211 12 82 414 105 210 457 277 76 44 55 176 464 87 428 468 118 106 319 392 146 80 462 256 118 320 221 490 315 465 240 436 84 267 343 91 210 340
364 283 441 418 251 324 398 386 132 188 479 220 290 439 341 66 154 353 277 487 80 450 329 64 35 405 103 130 401 420 131 41 281 340 112 194 303 174 288 93 97 339 290 260 298 337 392 66 486 55
104 36 468 310 181 268 354 350 130 299 24 80 298 291 479 148 87 354 392 463 151 11 113 47 323 404 407 15 346 24 82 354 102 268 223 296 331 380 322 50 434 136 372 100 310 499 274 162 474 448
480 290 38 382 10 125 260 450 317 308 219 148 320 133 370 192 470 319 222 224 100 323 175 255 252 481 83 10 52 240 96 288 151 378 101 235 42 103 245 280 157 464 396 244 223 446 483 93 339 48
93 367 202 18 281 255 35 305 234 253 243 76 327 377 449 268 279 14 464 247 349 485 325 43 32 478 295 62 499 498 177 88 451 340 261 85 8 201 5 467 264 449 135 61 152 466 48 372 25 47
457 461 433 271 269 219 324 381 255 249 38 423 459 139 432 197 360 21 234 310 149 5 207 399 453 218 11 257 233 444 436 255 339 281 29 285 344 495 34 477 498 360 43 334 380 46 483 149 141 293
78 481 335 58 99 38 259 376 285 190 171 42 232 382 440 458 111 484 212 281 269 79 437 61 489 115 336 284 182 72 70 373 147 485 344 236 189 319 358 346 3 76 404 314 26 434 262 291 311 372
283 139 161 162 415 100 345 253 48 155 117 437 202 234 388 54 345 384 428 427 344 391 17 269 327 364 249 323 295 245 283 411 472 489 139 355 204 146 298 358 438 203 401 297 168 108 34 302 405 229
454 64 71 192 460 194 490 383 137 74 2 36 380 361 137 99 109 283 357 98 361 86 428 437 281 139 130 399 132 459 488 282 63 115 431 5 16 74 187 396 43 235 370 485 138 495 58 473 403 101
314 364 357 284 108 196 73 149 83 214 371 108 38 427 233 496 99 304 433 154 284 272 155 230 314 80 362 426 126 453 119 114 466 342 471 197 94 155 444 222 349 97 355 369 400 234 289 380 237 334
109 157 471 426 419 339 348 325 273 85 95 373 59 281 363 118 125 407 303 401 431 143 211 398 86 215 313 155 485 359 88 169 407 345 51 350 126 155 253 67 429 278 81 500 272 411 441 138 46 460
99 324 458 36 145 477 169 424 415 177 57 191 165 122 351 364 117 53 437 343 188 17 430 481 67 29 379 142 282 357 374 18 189 319 347 138 86 377 57 179 468 446 442 141 24 447 416 458 280 461
168 69 124 183 467 174 329 108 150 313 170 107 346 402 163 91 233 45 75 272 457 268 307 300 464 49 27 33 215 26 34 476 335 293 347 6 496 206 48 98 405 291 129 425 228 95 209 81 425 314
304 11 8 140 104 146 281 396 163 31 219 67 141 300 107 364 414 32 346 492 143 259 55 68 264 117 183 369 474 489 168 211 445 121 200 207 236 85 109 300 206 5 234 394 354 277 353 421 28 188

50 100
272 202 293 427 200 185 247 48 199 164 242 55 183 48 444 189 48 406 318 238 280 48 375 359 423 281 251 439 107 284 442 287 316 23 161 473 297 441 219 497 313 88 54 247 500 487 427 20 291 392 318 258 136 445 86 474 406 197 484 217 126 125 287 394 301 181 465 117 359 34 376 286 212 33 479 262 124 268 434 58 139 397 300 481 285 332 377 374 32 75 307 358 90 147 408 23 215 476 256 288
138 215 11 129 196 435 353 170 208 260 340 86 265 460 424 315 359 14 327 412 29 356 411 100 18 246 216 224 211 373 330 105 381 148 397 85 327 165 32 438 439 111 458 91 174 475 123 309 122 132 299 229 226 34 359 359 73 1 81 103 457 75 209 244 305 304 429 400 77 423 116 191 103 245 166 276 286 142 500 245 347 262 238 137 192 147 70 374 63 445 239 402 244 217 297 496 289 142 38 75
334 392 123 427 180 192 205 221 81 463 185 196 94 70 333 6 7 387 188 360 92 71 86 242 378 313 250 459 79 202 462 500 173 151 364 124 459 154 415 289 316 352 177 418 387 184 217 161 276 259 350 499 438 409 183 234 341 142 313 280 426 107 216 373 56 224 257 67 468 274 409 212 466 352 50 498 268 137 334 293 97 161 13 50 50 321 496 286 104 329 479 316 8 66 201 485 371 83 242 342
346 156 106 165 159 391 305 197 148 482 243 158 307 240 208 178 155 357 120 89 33 52 180 62 413 9 397 139 26 347 136 215 392 36 26 35 385 176 61 367 322 390 199 213 242 462 399 254 433 48 168 196 95 300 310 252 93 383 61 166 426 310 77 70 351 205 355 88 378 263 266 4 457 288 417 426 434 470 66 2 444 310 283 474 230 213 261 90 281 137 420 202 206 383 349 93 412 24 143 427
159 357 40 423 57 319 81 291 263 263 278 322 180 227 223 87 232 115 498 283 152 480 395 486 229 445 64 471 4 208 317 491 110 471 74 225 59 121 91 400 88 104 360 22 229 60 251 143 415 452 343 98 209 294 244 159 260 241 268 489 282 36 491 299 246 240 59 329 27 165 402 217 445 167 57 396 344 258 192 67 442 434 480 111 252 242 278 325 62 479 483 238 75 280 191 119 192 315 111 412
141 210 105 392 179 232 331 339 432 37 379 24 335 198 145 186 403 239 493 214 185 474 266 293 99 367 408 464 424 149 64 283 452 363 40 241 396 289 346 64 60 260 103 38 177 443 8 488 468 275 480 395 22 286 350 388 330 288 38 89 247 459 382 78 126 136 49 175 464 43 58 376 421 347 477 56 379 10 164 131 314 109 389 268 495 157 142 202 160 325 82 166 343 81 372 414 481 195 337 402
1 109 336 116 73 163 335 489 495 94 405 149 47 414 410 382 314 188 466 370 296 14 328 1 442 299 259 477 20 302 491 60 86 174 404 393 32 354 111 207 48 293 86 331 458 291 483 429 109 127 333 64 468 128 43 235 77 252 157 173 50 355 488 466 295 97 237 161 117 291 264 413 463 405 20 464 76 183 45 63 80 22 216 482 174 408 386 279 112 360 68 118 273 493 140 239 71 401 86 96
174 130 96 191 360 450 303 135 3 41 379 409 231 490 366 55 163 93 378 375 118 278 334 51 313 456 173 462 500 53 409 142 225 473 384 250 86 314 339 138 400 138 239 408 353 61 313 244 322 52 96 220 10 438 18 209 303 467 82 318 14 411 89 5 240 400 459 11 385 337 356 455 464 400 343 445 147 273 266 333 315 371 475 281 90 350 445 197 360 105 466 309 9 169 161 461 119 470 187 434
299 425 165 307 14 256 95 185 390 447 312 91 330 9 174 80 238 437 91 70 336 54 15 108 175 68 325 367 338 216 442 92 297 325 258 198 7 12 126 391 349 52 129 322 83 302 419 460 193 479 56 399 266 76 247 379 468 429 326 322 301 247 243 399 475 94 284 295 169 126 73 358 65 58 329 182 346 3 499 18 474 207 215 3 246 151 202 77 14 19 160 212 365 249 356 278 8 218 253 150
450 382 228 160 357 132 86 220 239 478 484 319 470 354 412 342 353 18 99 234 24 351 359 166 201 86 490 463 125 379 36 220 427 296 135 160 97 92 252 246 47 187 297 66 316 429 346 204 359 35 455 184 284 110 489 125 129 91 246 128 361 294 188 454 429 319 189 305 202 487 47 284 244 364 230 152 299 219 450 497 420 177 349 312 82 497 7 415 290 163 234 20 305 166 381 397 176 392 412 331
350 50 224 323 196 386 418 462 386 50 115 283 204 441 151 267 192 195 149 307 295 497 116 100 164 165 155 193 252 322 242 340 446 199 350 117 341 466 277 192 234 80 397 427 280 491 188 446 279 149 402 255 480 147 33 180 207 463 423 391 203 366 450 277 70 31 433 455 60 422 334 87 180 272 200 199 339 111 136 34 427 437 93 21 33 29 459 418 146 380 182 310 461 292 462 151 56 340 91 55
116 434 75 59 193 160 165 88 279 200 458 2 241 10 319 147 392 336 436 43 95 84 248 137 153 432 27 303 245 37 112 243 27 432 311 244 321 160 111 230 285 123 206 200 494 132 283 130 384 358 147 425 153 226 288 78 194 358 129 99 366 498 213 312 15 319 225 471 8 111 321 186 423 36 158 283 121 317 335 425 47 288 165 240 291 71 37 98 17 246 253 395 108 377 263 40 139 48 365 382
301 309 365 105 35 31 231 92 134 497 236 306 212 241 79 345 160 10 416 221 284 453 419 230 400 247 407 347 126 157 185 431 450 158 10 61 6 479 313 287 97 51 220 286 105 285 421 464 256 85 186 428 270 291 375 385 306 373 425 94 474 211 147 50 278 413 423 5 21 475 221 476 488 425 379 298 378 93 74 153 143 81 420 53 274 445 179 422 444 474 206 411 350 486 285 197 61 95 453 445
145 270 121 313 232 105 205 74 377 320 398 142 383 489 18 194 167 16 416 228 107 213 408 234 193 22 311 340 195 430 173 240 191 497 421 186 180 48 407 217 21 164 390 286 383 219 156 382 189 424 1 391 185 241 463 308 455 343 162 163 203 229 60 312 180 145 487 489 147 90 299 389 231 477 103 478 498 496 234 265 340 447 32 187 475 364 300 146 2 224 181 358 43 281 380 491 398 150 280 301
481 115 318 348 66 104 452 405 167 89 357 25 209 376 27 232 184 133 483 467 263 220 458 190 419 261 13 48 466 385 259 287 418 382 89 31 147 271 377 281 406 197 262 367 174 126 203 321 147 436 167 213 297 37 93 368 171 33 394 345 363 366 239 374 189 56 93 158 115 476 338 384 47 26 375 190 349 229 458 402 486 223 153 134 100 382 88 386 78 74 417 186 187 468 45 133 103 458 482 385
30 90 436 328 134 481 10 336 390 48 450 232 398 275 114 400 192 336 47 314 249 261 207 191 353 97 424 271 385 169 167 175 448 161 394 63 21 262 353 6 305 417 138 284 177 96 116 171 498 168 259 437 489 116 77 282 260 63 58 137 144 333 48 201 283 317 164 199 409 26 153 500 349 215 244 357 447 44 343 137 270 3 307 181 146 325 438 353 23 180 291 432 303 460 135 109 163 52 384 31
284 139 478 291 251 431 410 123 274 138 87 314 386 271 23 67 360 420 496 214 426 375 109 252 194 287 359 497 124 284 283 199 229 277 29 56 347 45 456 84 298 435 12 140 38 39 93 380 215 162 25 451 57 445 47 42 146 180 447 354 183 52 343 83 161 18 375 279 414 385 70 441 292 400 292 179 164 441 233 312 415 485 426 471 308 492 296 180 373 59 6 329 343 371 128 126 487 159 56 372
442 62 23 183 388 300 126 59 388 427 260 452 188 484 436 369 266 471 404 83 63 12 496 226 180 34 318 382 201 460 281 216 329 402 208 381 183 124 107 251 255 196 436 249 19 369 280 81 439 99 171 478 473 68 305 369 108 49 417 116 443 165 375 179 227 384 55 448 381 411 410 10 343 339 378 367 81 395 396 283 69 238 335 66 76 212 143 103 10 105 205 1 479 157 470 150 231 232 464 211
102 328 53 299 377 480 395 447 421 425 7 242 68 226 275 181 162 85 305 272 327 391 164 378 173 498 334 282 84 259 86 360 115 14 92 111 164 75 100 11 356 40 324 295 117 376 172 205 186 259 496 347 202 496 264 53 280 260 133 455 168 482 266 263 474 240 164 169 32 408 168 207 417 128 335 333 339 365 445 277 199 49 219 245 310 495 443 271 224 262 37 117 399 392 97 63 392 245 331 468
470 210 482 380 122 474 437 9 434 93 487 405 477 354 214 206 191 450 37 16 270 13 108 422 252 67 377 488 487 73 439 211 45 307 4 171 90 283 80 272 452 56 348 246 77 311 233 9 40 234 390 188 438 210 190 460 261 417 80 85 22 464 109 288 451 78 282 218 164 230 112 404 133 259 114 445 391 426 372 370 445 30 24 90 391 194 497 131 238 30 158 201 70 60 332 293 197 228 417 240
404 415 128 362 57 464 357 44 492 439 379 129 330 452 181 253 12 437 376 407 378 418 197 476 449 200 11 194 314 219 129 32 93 234 485 58 180 367 272 194 172 448 408 199 310 136 28 183 58 449 261 189 94 445 108 181 266 267 132 192 218 193 475 98 425 357 386 62 148 232 5 287 467 184 172 500 409 419 385 486 490 115 263 131 303 288 486 282 309 231 176 354 417 15 96 99 129 447 431 117
231 82 245 470 26 12 125 477 216 491 93 93 473 412 162 316 151 74 276 161 82 65 87 412 38 468 224 253 298 315 363 169 41 269 200 123 382 51 182 478 263 29 313 403 94 417 260 153 127 353 163 279 13 420 121 93 443 137 315 317 305 136 124 245 34 101 87 436 71 206 54 104 101 493 443 233 393 470 219 255 149 113 482 301 398 138 486 5 167 240 153 26 76 407 40 143 436 479 381 61
41 245 366 254 59 451 206 230 301 451 37 389 130 414 438 489 111 27 497 172 63 211 156 78 242 317 91 125 398 222 26 212 394 342 215 132 412 153 49 18 493 154 52 464 405 349 146 119 343 256 376 499 30 373 211 132 76 358 175 485 327 54 436 174 419 44 36 280 176 281 23 128 17 433 491 269 473 148 46 396 124 204 407 246 125 25 249 318 118 197 140 358 224 68 343 20 372 146 40 398
68 282 87 118 200 42 111 321 291 317 419 469 319 387 182 317 236 134 235 493 91 135 280 393 181 180 68 359 338 187 1 49 108 282 462 440 359 336 145 326 340 452 363 375 129 141 481 336 484 33 310 83 116 205 251 231 405 366 286 381 489 116 326 157 57 296 326 165 301 204 418 106 267 51 22 256 117 1 375 37 415 105 35 252 335 370 331 491 288 39 410 455 77 348 306 180 200 347 429 145
272 201 199 377 1 147 199 468 442 175 66 287 454 340 141 195 115 494 323 229 188 11 212 140 7 464 313 419 477 46 359 396 61 222 448 410 490 59 213 357 135 223 136 133 262 326 250 400 331 94 433 143 422 307 465 373 110 102 360 251 185 273 270 270 194 374 270 208 187 361 298 495 232 355 144 419 208 58 349 284 33 246 226 471 487 363 127 206 451 364 3 112 119 156 288 27 477 85 205 155
190 91 26 67 307 403 433 83 435 493 108 480 371 170 25 326 18 2 485 48 111 240 381 93 196 101 115 68 105 461 410 55 427 349 469 207 496 291 46 2 36 344 423 376 264 37 280 314 391 297 463 352 198 196 363 354 66 121 65 375 390 272 456 126 173 142 63 476 370 94 177 275 136 405 282 285 361 196 362 387 96 219 293 377 387 277 177 490 355 338 56 500 257 147 476 34 208 231 478 237
166 95 20 310 263 270 103 405 500 133 82 189 381 146 168 473 80 131 353 421 148 3 345 440 248 87 114 450 337 309 288 33 145 312 74 182 290 239 167 297 403 156 161 220 83 45 115 283 296 244 27 276 334 48 96 268 237 287 416 198 408 245 163 286 140 189 256 120 260 127 14 351 112 73 128 309 436 272 271 352 414 361 116 377 442 122 183 448 11 6 272 495 387 16 422 130 130 483 339 104
12 399 155 296 31 154 189 252 49 14 40 129 421 344 377 496 428 249 452 185 360 350 442 310 168 68 331 85 47 488 431 329 62 363 446 307 280 114 309 281 267 153 150 228 197 246 379 423 491 45 452 72 448 37 303 243 321 108 221 26 182 300 365 377 24 494 91 141 190 153 371 337 116 277 122 363 235 500 308 411 419 183 313 7 169 464 127 290 394 287 395 85 386 359 324 273 444 350 488 491
65 153 400 356 356 235 217 87 479 394 319 236 192 218 464 382 32 479 155 343 86 376 93 476 307 233 118 334 352 197 336 464 102 245 407 130 217 73 249 38 267 40 349 96 188 165 309 176 255 207 286 275 207 278 280 139 407 253 271 75 312 235 161 179 430 114 156 3 415 473 254 241 478 449 497 309 134 171 116 55 486 271 19 408 290 223 276 476 345 140 362 194 490 443 227 13 257 45 171 393
282 303 139 137 467 437 49 196 16 362 321 352 348 108 90 75 175 136 444 103 358 340 201 193 120 248 11 163 209 152 468 277 354 109 229 46 47 174 149 489 461 228 323 19 30 258 378 263 364 311 472 133 442 311 124 281 398 493 162 108 266 429 269 31 38 413 70 65 435 72 308 362 437 299 52 139 211 259 475 261 48 47 56 199 274 308 54 41 102 298 137 6 187 222 68 451 210 77 404 494
35 42 246 205 329 446 141 79 344 490 53 178 9 27 108 256 277 231 299 179 23 18 301 466 237 99 34 266 147 7 247 270 464 500 151 424 257 422 467 371 206 177 156 292 132 220 278 468 80 261 404 74 400 54 254 49 489 11 380 488 427 88 435 218 180 428 412 127 469 296 388 440 346 283 80 354 66 57 75 274 343 431 306 32 224 174 41 383 476 483 136 265 211 497 494 467 176 308 491 103
4 252 88 452 294 136 22 16 92 330 312 142 396 279 191 60 19 138 298 48 386 315 81 350 156 73 468 371 404 262 86 272 37 291 142 354 143 370 358 428 99 143 334 351 173 489 415 148 332 301 443 14 461 475 327 495 434 245 132 487 325 180 406 388 15 490 116 264 451 223 84 225 382 85 385 333 494 304 315 410 458 288 321 487 385 361 262 64 259 39 188 471 136 249 21 166 499 302 54 498
299 279 194 480 96 464 80 115 33 13 159 125 226 420 6 105 153 26 243 492 420 220 344 414 453 438 299 442 275 225 420 110 132 188 459 122 410 410 93 93 295 429 265 124 91 60 217 267 304 145 348 490 256 144 185 297 471 393 430 481 215 18 306 225 197 390 470 167 137 202 417 305 493 359 485 163 125 11 1 323 479 135 95 308 261 353 212 190 130 116 260 395 374 469 186 66 335 99 349 325
350 215 397 468 117 250 310 16 493 421 376 203 25 412 183 244 362 31 91 293 80 387 382 362 87 248 181 280 152 263 284 492 191 174 5 190 442 361 308 107 492 221 250 199 201 67 352 207 292 346 338 385 195 95 478 171 205 130 461 499 304 10 446 91 244 270 173 37 191 34 6 329 278 258 285 375 481 112 193 432 271 309 237 66 231 172 228 202 443 138 121 227 7 142 322 478 329 464 357 462
462 140 75 465 230 478 212 51 18 449 159 12 175 113 428 217 54 466 194 460 285 403 129 11 383 353 276 325 405 266 278 290 103 440 90 198 377 191 327 270 134 452 441 195 28 262 431 246 158 302 229 349 460 108 470 338 95 383 314 155 311 233 385 336 320 72 478 61 432 358 421 200 238 147 112 272 285 18 70 493 375 25 447 132 235 344 312 4 330 198 185 374 457 52 204 381 42 302 31 284
149 123 401 404 173 261 486 119 386 341 351 295 416 129 350 74 331 148 24 156 115 251 212 236 167 433 234 395 184 264 53 300 315 227 48 140 269 288 34 230 405 441 6 232 8 377 361 491 400 130 220 104 256 185 115 292 382 104 237 30 137 248 3 93 356 452 124 248 324 88 117 257 349 155 412 497 199 329 280 181 137 318 279 97 327 256 365 144 136 381 409 75 459 17 105 20 92 224 58 48
50 83 399 411 223 48 144 382 87 17 294 152 177 463 313 99 184 367 338 428 175 100 180 456 485 485 410 438 157 34 388 283 349 486 132 478 390 89 394 124 23 457 145 348 279 199 155 368 245 158 72 289 71 318 62 113 247 279 427 274 165 107 265 293 276 140 143 401 6 25 464 316 437 83 301 389 250 301 112 235 358 378 444 153 157 408 224 260 156 299 38 359 416 214 461 46 145 46 482 206
196 203 108 446 473 432 268 191 237 420 280 49 151 442 173 352 147 116 191 149 249 293 441 482 258 70 465 46 436 260 145 185 196 324 197 391 332 494 272 364 244 76 147 206 333 26 447 45 371 6 136 36 62 125 133 257 93 166 155 347 391 127 339 229 460 74 304 288 68 471 338 294 77 165 254 434 356 425 26 314 155 14 151 358 102 135 437 415 44 439 142 17 81 87 81 189 257 290 300 134
353 69 157 315 67 367 155 317 333 163 36 198 74 231 294 225 391 77 56 298 107 449 144 189 460 443 181 188 456 234 71 221 462 9 454 267 333 387 182 97 426 423 185 8 344 375 42 382 259 452 259 28 433 96 312 438 141 37 339 172 456 192 473 317 248 91 12 241 5 129 135 195 457 1 17 476 448 222 324 383 36 336 120 285 480 88 10 354 385 168 471 71 425 449 241 414 138 237 245 183
101 407 484 52 2 425 132 269 176 253 355 195 322 438 397 485 315 483 215 230 185 124 415 37 389 15 136 494 251 484 363 56 313 229 270 85 152 369 105 399 224 256 392 315 194 136 92 205 60 398 308 13 306 269 32 350 353 461 421 485 334 16 101 373 225 161 213 37 450 30 332 12 147 34 256 398 103 19 1 174 20 307 95 449 62 289 257 150 367 326 497 15 334 227 102 189 459 188 109 243
215 3 62 85 102 241 470 238 20 127 462 454 320 185 220 278 158 46 122 137 419 111 285 301 364 101 38 91 150 56 471 343 496 5 143 81 385 55 29 73 118 205 68 350 10 209 228 154 8 401 145 146 226 490 88 295 409 485 255 230 362 213 413 317 32 281 276 336 412 321 117 164 205 482 23 439 180 174 125 431 134 68 206 174 265 278 124 148 188 184 467 286 183 2 443 489 404 293 184 476
225 171 10 255 76 442 434 435 126 338 281 262 64 394 77 497 228 198 28 377 388 423 468 489 23 242 71 215 441 239 152 460 277 458 57 168 204 109 126 437 73 362 156 290 322 436 60 322 118 482 68 426 160 32 180 359 53 264 240 53 307 447 180 347 239 130 296 361 472 30 118 447 115 35 70 150 258 393 57 347 64 308 16 139 166 18 49 245 367 232 240 451 288 489 271 398 420 453 50 452
479 230 428 417 179 434 271 110 251 66 326 312 229 21 289 464 229 53 181 250 135 259 55 250 210 457 174 271 479 286 187 477 29 483 127 253 3 194 65 161 300 488 137 182 279 496 500 341 341 429 245 390 146 222 327 417 464 39 303 18 415 326 308 142 450 46 429 92 42 420 262 417 431 271 68 247 4 252 444 471 220 391 277 276 222 157 299 312 392 122 298 401 47 36 292 331 337 225 208 122
272 12 229 204 470 277 353 257 401 230 28 130 303 196 75 86 369 372 170 296 468 52 103 119 436 440 248 169 397 29 468 7 468 291 135 355 292 305 347 250 364 106 459 403 303 4 454 456 317 12 30 207 383 26 191 489 476 205 122 9 75 393 130 40 99 350 272 184 105 412 272 206 297 40 55 499 105 355 356 167 288 206 429 22 379 479 70 492 28 119 367 434 323 50 181 255 273 11 454 322
16 209 250 135 165 273 43 382 299 486 245 378 259 61 424 471 22 16 160 314 437 18 179 428 152 29 418 463 273 187 68 494 66 439 174 312 323 459 250 459 66 448 119 421 175 83 133 462 15 23 384 94 39 220 359 312 202 189 137 391 382 489 329 436 240 64 36 452 423 176 286 34 471 390 399 175 414 240 405 403 335 431 493 274 332 153 370 36 235 15 67 68 197 169 2 474 288 337 151 87
250 269 187 467 140 404 416 121 43 450 309 401 347 171 166 383 416 336 321 2 87 22 95 175 109 326 322 129 325 392 120 321 56 298 208 97 1 204 24 21 409 284 494 423 277 130 186 87 75 171 44 401 95 229 478 414 232 314 110 302 271 360 262 174 125 360 450 425 212 226 84 355 410 110 13 159 135 76 399 304 473 81 499 252 257 166 423 404 176 259 106 444 379 110 58 250 22 119 229 456
183 160 366 48 482 279 330 58 425 487 161 133 472 199 456 103 407 70 91 273 315 392 396 171 257 39 146 40 169 389 471 400 48 207 172 4 498 374 6 315 230 473 374 318 328 331 355 326 310 180 291 473 201 368 431 252 69 435 61 1 258 356 89 419 3 356 163 5 171 165 456 313 375 423 61 255 284 159 180 272 79 10 267 332 140 296 374 4 163 36 470 358 174 196 60 79 89 6 76 360
311 488 161 182 382 492 305 320 436 401 409 303 234 427 240 264 428 435 316 39 38 471 168 329 220 179 185 446 245 386 132 146 79 264 195 298 431 306 35 390 342 438 291 69 269 47 389 419 385 327 181 411 6 497 107 415 477 102 462 336 239 233 192 102 217 361 385 256 138 100 310 418 365 199 494 14 292 345 56 422 294 247 162 458 16 32 358 475 108 126 135 434 222 193 467 278 32 104 356 285
153 197 399 100 493 203 256 472 408 275 269 183 41 136 236 422 1 130 420 168 385 110 285 282 115 460 411 151 85 37 305 160 421 302 212 403 277 438 33 26 365 41 492 250 349 483 61 288 417 73 153 165 186 189 226 442 193 195 415 454 485 391 151 114 440 272 39 404 168 56 432 408 460 85 100 413 304 309 335 444 316 160 338 30 386 168 484 75 168 343 67 278 301 55 390 189 98 230 457 434
366 115 253 287 225 93 87 284 411 76 139 372 174 9 490 209 4 403 184 263 207 31 102 4 385 491 460 417 84 427 420 62 149 262 365 25 370 463 283 484 404 403 493 213 467 156 445 337 281 458 470 209 385 308 176 215 314 25 33 363 145 233 207 358 443 473 387 366 34 292 484 357 244 68 377 107 239 100 392 277 398 344 13 31 411 148 253 296 299 385 291 412 314 241 48 249 405 285 357 54
