100 100
253 141 167 370 414 98 72 287 469 124 93 143 202 209 218 340 444 296 155 104 318 54 380 94 405 284 118 186 232 78 77 44 419 200 80 253 3 32 220 386 220 463 68 282 347 268 292 444 305 355 386 295 328 319 174 434 174 112 271 36 111 481 375 4 474 209 233 121 46 258 385 443 476 428 33 218 19 207 431 454 368 454 181 160 407 14 82 430 16 229 324 262 377 224 133 328 485 255 307 24
375 264 6 474 419 463 80 40 382 93 222 71 102 301 81 199 443 136 50 267 24 75 99 317 477 277 237 378 328 143 437 280 299 69 183 135 243 3 394 480 309 149 6 250 495 294 364 490 190 228 97 152 420 12 49 159 198 96 383 148 450 336 189 323 216 387 104 91 277 12 248 359 434 418 465 159 30 53 418 162 359 472 255 292 57 77 392 290 470 109 72 323 184 253 498 57 424 5 311 347
293 480 469 115 412 394 405 418 201 390 359 281 11 145 353 46 414 259 469 407 149 303 144 99 451 496 65 181 235 350 337 433 200 137 141 481 99 294 412 474 399 384 82 1 367 463 438 455 8 145 230 162 392 205 76 336 412 208 197 370 374 394 352 262 305 335 404 431 46 177 225 31 121 180 337 443 265 338 368 108 201 467 300 254 294 414 97 206 258 187 357 453 476 137 441 152 483 213 455 13
59 132 5 89 357 451 434 425 169 32 326 66 21 349 9 271 151 271 311 438 17 16 155 96 329 500 343 387 355 400 182 233 154 153 462 406 75 269 191 85 36 84 80 180 499 131 189 383 474 499 67 195 173 177 384 455 235 239 376 499 442 493 34 145 204 426 17 437 465 111 467 315 326 65 97 150 405 441 331 224 282 25 316 379 72 332 282 290 391 42 243 462 231 191 403 282 173 44 112 333
179 366 82 176 15 10 87 50 115 353 281 356 128 350 67 392 128 193 197 437 77 132 22 429 349 87 336 351 217 428 423 365 493 460 331 35 251 76 43 354 403 280 56 43 135 346 427 306 132 31 469 306 183 407 85 340 492 481 269 393 356 155 107 406 4 9 363 154 390 488 17 254 362 140 353 238 435 276 491 305 441 190 489 169 152 24 319 94 287 381 279 444 500 305 407 307 410 254 416 473
475 460 281 158 368 372 21 364 77 457 480 131 245 398 395 234 149 106 194 64 224 415 267 66 230 31 137 455 416 196 109 436 280 387 134 474 452 365 74 118 5 151 128 444 27 212 44 75 227 93 249 226 154 121 215 393 264 458 32 190 419 188 268 176 339 424 376 150 50 291 403 208 273 454 327 326 356 19 98 116 109 450 24 498 436 362 181 104 133 380 258 300 374 62 255 482 54 304 189 261
14 51 251 97 459 162 421 81 363 389 20 482 29 385 291 462 381 194 368 289 322 266 223 161 359 396 164 39 277 330 85 36 500 397 218 59 206 45 222 330 372 52 44 429 125 110 348 184 72 304 102 16 394 211 495 274 52 92 67 202 430 456 252 161 95 120 48 264 14 145 14 443 358 231 260 53 7 93 81 441 372 234 49 462 297 392 82 232 94 110 124 152 328 380 432 460 219 123 271 72
133 458 189 355 461 372 165 344 408 197 41 489 262 388 162 309 193 204 348 496 270 105 215 420 197 482 57 367 15 26 463 125 407 408 75 168 25 349 365 7 373 315 393 8 231 408 270 488 281 114 381 485 418 429 439 405 34 106 156 129 461 487 95 227 416 475 172 379 404 438 298 111 440 426 425 232 442 278 295 419 340 336 76 66 397 88 96 452 140 108 103 133 402 326 180 428 122 373 47 178
165 160 185 455 121 236 184 473 123 93 272 171 357 486 302 45 206 10 299 240 457 167 500 66 154 383 305 56 387 466 379 68 431 449 467 290 417 304 165 290 367 183 123 28 461 67 399 131 32 349 428 196 410 178 384 119 99 462 304 334 262 305 471 38 189 331 234 137 353 8 464 172 329 14 238 317 464 481 250 227 337 420 147 87 469 480 405 434 15 389 70 51 320 62 295 45 164 286 367 52
316 249 427 207 46 468 264 284 194 87 345 99 478 472 384 78 107 353 15 464 345 199 346 182 18 200 347 196 150 116 126 122 307 13 15 134 262 118 441 58 267 423 235 274 390 331 246 441 400 291 147 492 68 74 186 5 106 70 425 98 271 254 155 87 329 129 191 261 132 124 283 462 102 312 247 171 241 321 105 477 310 412 55 236 287 84 164 334 21 339 158 443 423 24 498 468 139 446 226 86
250 84 262 222 351 57 123 439 2 216 283 227 484 20 383 406 187 449 368 336 410 475 68 216 326 65 287 53 31 281 242 393 384 379 398 39 151 460 5 223 1 277 137 196 104 189 318 283 302 151 84 349 177 113 492 386 454 162 316 55 303 11 377 476 5 21 288 101 134 232 95 52 203 449 207 433 238 403 250 488 291 130 301 256 383 126 430 452 16 126 184 297 140 24 90 128 117 112 303 48
340 460 325 461 329 495 278 27 394 415 40 66 412 182 222 152 211 430 145 404 154 366 8 496 391 21 145 23 378 278 67 198 189 452 491 294 303 240 17 49 413 474 120 463 268 61 446 260 488 70 418 24 372 8 209 472 255 475 460 61 45 108 42 325 207 439 65 338 19 495 135 2 492 139 90 411 242 128 222 358 106 209 58 407 209 207 414 266 283 479 461 327 20 22 413 304 279 342 411 125
295 354 406 325 59 447 467 167 366 162 247 95 343 205 132 335 136 201 377 370 179 38 110 218 353 481 404 412 405 443 438 218 109 338 359 235 472 339 464 412 109 316 145 338 266 229 100 3 35 479 494 83 251 81 73 20 377 278 310 473 298 74 28 13 410 165 106 365 156 337 484 240 303 108 465 340 500 76 213 486 319 381 309 29 360 148 1 158 75 30 6 391 261 484 204 465 250 487 337 423
235 327 466 218 132 366 227 174 148 450 50 406 83 346 267 270 296 242 396 428 222 93 42 113 309 364 326 162 245 435 490 276 51 149 385 39 151 319 437 224 36 424 77 284 315 202 495 206 111 54 51 293 204 411 180 354 224 184 54 41 200 46 476 80 103 65 122 94 398 103 230 401 17 228 293 441 123 346 210 160 59 122 215 276 449 2 84 164 70 463 63 303 100 175 356 159 442 450 42 144
455 385 352 342 351 498 481 124 343 277 382 119 486 367 26 164 395 234 219 465 292 242 400 467 353 142 394 382 499 8 36 304 225 315 149 133 98 154 13 39 184 39 298 36 220 217 477 271 122 194 11 186 244 68 167 44 124 245 246 67 118 329 353 230 328 494 218 149 135 2 478 164 398 110 422 459 265 367 135 440 391 80 463 319 168 171 341 62 451 33 344 190 193 134 363 474 491 138 273 83
81 487 437 212 11 126 398 370 235 416 277 435 278 497 132 338 90 69 65 163 500 173 4 10 494 335 267 108 161 140 54 199 18 452 435 410 268 88 153 263 121 19 97 101 334 450 496 313 357 406 60 313 93 328 122 315 450 163 165 167 85 284 50 154 293 281 283 119 71 16 170 437 83 63 192 376 34 293 15 164 191 47 55 22 88 216 189 28 432 418 206 144 389 430 382 369 130 442 460 334
90 337 359 164 248 288 257 240 97 18 52 392 398 293 367 266 479 361 403 69 208 213 297 342 378 203 178 17 126 180 254 104 226 320 300 86 19 416 340 98 142 393 245 170 127 362 234 19 408 485 342 247 389 143 422 17 427 183 453 266 49 6 307 222 170 378 469 348 359 221 303 274 267 463 65 398 51 405 106 222 286 319 456 8 32 62 326 74 76 300 403 95 433 304 264 279 257 16 288 68
339 108 484 76 19 267 125 232 91 368 384 421 461 143 286 115 357 349 134 332 116 500 16 211 8 466 350 254 19 272 15 150 98 437 124 406 393 430 55 332 218 432 392 195 233 215 308 284 379 132 453 500 67 423 78 152 319 346 200 220 246 320 193 284 425 131 200 162 284 419 139 221 18 388 235 165 473 16 132 105 87 403 96 490 210 327 222 479 61 38 2 274 247 289 90 183 141 186 471 115
91 134 183 346 81 428 480 46 293 367 279 253 90 163 56 62 452 389 499 333 9 233 68 40 54 56 444 85 470 124 83 270 71 348 151 276 231 32 131 356 169 415 357 485 497 170 98 368 81 245 314 274 289 330 298 315 237 50 335 404 424 486 284 359 279 338 217 238 486 203 281 280 497 240 78 215 109 196 359 62 429 213 18 332 263 465 224 53 413 229 360 307 209 304 469 283 456 349 430 17
164 336 78 424 176 103 376 350 250 360 494 81 438 91 500 338 237 357 137 464 273 218 127 97 9 498 129 244 458 198 180 138 448 131 388 181 277 296 346 474 420 93 415 449 107 255 115 358 166 485 63 280 321 102 416 278 37 131 61 440 278 474 405 112 98 132 456 127 488 342 12 469 246 381 103 34 214 196 158 138 124 438 109 136 252 20 413 448 484 276 482 119 193 49 188 107 206 56 400 233
377 7 276 169 15 193 115 212 125 407 270 442 478 108 108 303 95 378 358 170 409 351 426 255 353 222 271 458 243 494 90 13 152 125 290 371 368 60 305 124 385 145 485 135 399 392 124 396 99 135 254 204 303 134 355 464 365 266 363 231 389 403 111 92 492 330 56 102 140 145 207 394 44 303 141 18 83 286 391 81 11 336 455 23 117 163 207 210 5 192 128 323 95 240 444 317 458 329 189 288
148 152 113 264 189 486 369 406 218 221 439 344 122 432 376 472 492 123 10 109 197 17 492 253 296 204 56 236 355 21 144 497 443 377 155 160 35 85 240 7 117 18 136 17 234 259 149 53 235 143 395 428 210 276 399 188 39 350 79 268 111 308 81 450 111 410 8 193 297 12 103 269 82 179 403 15 38 445 363 470 494 278 175 273 476 214 335 91 88 148 498 223 428 374 417 108 86 471 147 351
441 494 51 299 18 220 24 129 127 287 131 95 369 460 272 150 255 217 248 108 150 308 310 62 412 7 350 461 155 167 193 307 494 497 231 188 203 335 198 216 259 234 155 279 456 67 295 184 85 377 427 338 477 331 491 370 45 12 424 282 79 203 78 27 477 334 146 263 318 368 95 263 100 230 231 482 371 445 466 169 306 66 100 79 330 328 354 444 29 429 313 361 342 484 429 241 111 185 114 78
10 130 36 316 138 32 500 326 373 380 460 312 172 261 427 481 378 190 172 381 243 218 463 41 201 500 359 495 495 287 418 342 497 240 109 220 179 148 458 326 147 13 150 114 130 477 279 81 466 105 59 15 302 458 199 274 338 419 328 495 319 299 216 113 306 144 156 230 199 304 204 434 379 5 453 130 499 180 4 335 250 88 467 117 185 176 453 285 218 289 191 340 356 406 145 447 101 59 404 24
190 130 103 184 451 195 431 43 6 445 48 370 193 278 352 219 131 421 421 39 314 124 237 336 169 424 308 17 3 39 488 123 26 446 461 445 463 71 113 25 82 186 355 272 487 439 487 372 137 231 457 50 435 470 485 53 170 50 112 444 271 199 235 470 98 449 310 41 101 305 457 211 50 134 335 33 182 348 478 450 47 262 249 72 51 344 482 219 207 99 195 153 202 410 421 366 442 378 43 130
318 475 208 334 456 266 228 267 31 500 285 423 219 457 84 309 11 180 10 264 23 258 185 81 428 140 61 408 432 375 16 355 344 141 422 292 491 376 445 226 206 229 485 470 215 19 314 394 84 30 344 446 358 122 104 130 253 463 39 364 455 107 341 371 187 496 392 2 301 282 38 495 377 143 234 253 371 279 114 320 409 135 235 333 151 362 423 117 34 280 217 242 133 388 496 36 210 446 150 465
16 497 4 78 107 6 45 136 307 115 152 106 400 187 295 352 469 233 55 409 439 269 60 45 269 491 37 369 26 157 286 128 445 392 354 272 342 202 191 218 382 105 156 367 82 199 408 211 169 359 286 468 364 305 496 374 312 178 85 70 419 260 2 126 120 460 20 53 379 179 3 236 254 346 420 329 169 486 28 39 62 105 269 46 174 137 41 101 470 108 108 375 377 123 418 341 418 202 417 434
366 222 296 3 128 364 243 242 193 317 249 81 46 27 291 406 357 254 10 247 415 107 204 75 50 389 440 212 94 22 498 452 44 149 6 400 120 92 450 264 359 449 421 250 465 257 327 130 168 423 421 297 400 403 23 408 234 51 499 208 83 447 386 388 130 151 105 214 463 396 340 363 394 212 311 17 40 292 413 351 206 308 386 445 34 495 439 104 209 348 167 437 487 445 159 319 423 404 88 473
201 486 258 81 10 182 204 453 406 31 252 285 305 403 232 426 196 459 21 274 134 155 379 285 13 323 431 419 357 152 370 9 489 457 226 329 80 88 99 90 42 205 144 79 120 32 243 1 279 488 26 260 30 221 27 131 185 91 250 380 139 369 233 203 12 379 326 447 66 74 193 468 329 426 414 220 330 443 362 494 125 211 38 216 204 491 369 354 306 179 35 421 164 447 493 382 175 187 214 86
284 76 75 73 401 89 477 100 328 335 477 457 313 211 169 202 249 370 136 28 151 74 13 441 359 121 472 211 52 328 371 454 458 26 439 59 445 2 86 37 141 364 35 484 348 144 51 47 80 31 29 332 480 339 82 490 190 340 254 294 6 496 17 283 222 215 362 210 345 205 135 274 137 343 286 46 356 281 481 500 348 399 268 197 212 233 408 253 13 494 317 157 386 425 219 460 319 241 429 442
62 166 266 449 313 488 363 285 18 53 93 438 324 398 174 280 387 39 125 449 478 392 466 246 211 400 137 172 385 344 123 8 327 395 451 121 241 404 153 83 431 206 214 334 299 78 375 85 37 300 372 225 13 266 423 266 340 15 440 287 189 379 327 203 487 50 327 471 117 326 129 315 441 441 459 13 312 394 384 473 61 211 441 444 148 485 477 332 438 244 186 153 309 229 124 55 246 211 465 184
184 228 235 446 402 117 434 455 384 315 212 145 394 423 266 444 52 166 166 218 76 301 229 438 50 210 56 319 170 123 105 168 223 434 317 466 103 173 374 90 417 58 249 167 244 125 420 186 210 294 184 152 113 239 90 378 171 294 253 285 171 29 374 331 330 39 393 56 424 418 125 15 26 393 442 365 17 190 164 210 363 82 34 335 381 291 373 479 153 91 161 167 197 402 500 459 213 19 325 119
374 32 209 309 274 496 500 113 256 202 72 11 449 262 49 47 82 443 362 332 249 316 422 90 108 328 82 27 201 197 256 170 27 314 441 342 29 287 312 466 169 219 44 389 484 191 430 452 183 352 92 348 101 119 346 7 60 130 328 384 105 144 90 386 477 486 168 19 14 54 372 345 20 287 418 250 496 213 352 346 65 5 225 189 273 363 347 96 270 380 168 259 415 302 334 10 352 291 46 475
334 121 195 70 375 272 485 356 341 369 118 88 34 420 213 84 236 500 249 352 117 412 478 64 134 402 233 406 397 265 474 178 179 219 243 57 402 480 463 491 356 418 499 37 304 350 174 9 450 459 206 170 259 80 355 421 290 320 458 490 393 488 216 163 268 8 47 216 395 128 227 130 330 338 474 324 392 368 426 252 5 284 122 281 337 202 214 340 41 155 219 261 73 82 268 389 223 79 78 152
173 132 344 250 209 334 2 441 477 165 318 320 290 8 198 165 333 259 455 258 387 234 138 376 73 21 175 219 492 404 76 240 4 148 42 100 283 275 146 95 281 147 73 316 373 328 4 342 463 318 15 232 270 197 91 92 165 332 61 155 411 216 121 14 261 362 203 207 49 427 208 92 211 158 134 230 316 414 27 221 308 155 96 154 343 80 280 192 456 434 397 487 454 283 26 3 203 184 171 65
32 150 399 359 162 428 292 435 201 89 387 310 156 411 70 144 492 326 210 293 195 80 450 451 90 433 204 435 426 212 98 362 34 330 414 453 385 229 266 29 80 56 297 332 325 454 165 75 200 382 200 69 128 68 266 447 323 46 385 417 135 188 150 283 132 484 472 103 54 340 297 429 421 184 60 119 51 204 341 390 354 103 381 153 213 125 493 458 179 189 55 72 322 275 265 276 462 147 330 406
98 175 37 14 214 403 289 450 315 456 169 75 43 142 39 25 238 126 277 399 202 173 122 237 250 251 235 10 254 275 372 261 454 3 165 28 54 257 405 460 107 214 120 41 209 284 10 190 333 320 161 465 7 485 212 78 74 160 273 86 131 305 101 74 163 414 40 225 106 242 435 3 391 17 138 267 61 342 257 364 148 482 102 296 229 53 467 65 277 212 400 106 228 98 162 392 174 302 475 74
179 443 454 25 423 391 57 177 307 346 237 411 3 330 467 362 450 260 202 479 213 129 129 442 333 286 58 497 201 475 224 141 72 205 297 421 145 33 393 355 297 299 60 500 274 53 422 386 370 97 142 57 258 58 408 303 85 347 74 115 403 33 371 218 52 271 69 380 365 210 222 75 490 28 143 135 205 325 338 282 239 23 291 377 64 497 190 12 144 315 402 315 92 159 202 146 300 162 119 324
355 203 348 37 59 428 192 387 55 240 138 79 284 45 282 46 8 41 232 148 381 233 475 297 252 469 405 416 234 146 213 45 450 140 162 132 111 9 256 469 142 159 30 429 276 216 189 45 311 41 280 121 121 374 30 205 463 474 347 227 385 194 385 112 427 352 266 396 331 101 417 148 255 376 340 497 409 180 238 282 397 352 64 498 397 167 125 150 104 314 258 500 195 290 179 413 291 360 155 490
276 273 270 494 80 426 329 82 188 446 286 371 409 101 239 398 191 360 87 126 486 404 287 73 417 368 469 204 366 145 149 156 27 363 116 333 332 389 433 156 285 209 270 466 247 37 466 432 84 473 117 397 199 31 451 248 88 70 386 495 441 65 197 439 156 57 157 261 267 298 154 79 437 400 374 276 210 178 437 410 19 43 357 4 309 297 366 344 428 275 180 180 95 280 445 194 99 74 307 237
89 397 168 461 453 117 11 420 397 265 101 478 310 25 132 302 439 206 347 468 500 208 285 4 392 427 402 471 243 413 89 212 409 285 33 448 434 451 284 221 88 447 330 263 90 314 272 151 441 72 112 26 415 163 481 205 388 101 306 222 341 75 463 452 489 197 140 225 64 54 322 277 25 200 328 255 463 93 84 114 308 331 183 15 303 260 294 365 18 283 114 462 188 65 28 4 188 351 421 261
355 275 309 156 50 127 120 180 492 352 12 326 318 69 49 252 145 313 375 277 131 129 215 281 76 239 360 463 346 329 314 463 97 16 233 294 395 64 106 454 377 15 10 433 298 428 496 40 344 173 317 211 294 140 96 487 276 76 145 8 261 303 343 425 82 352 449 133 164 498 219 206 35 36 198 318 224 248 314 220 415 235 32 388 39 349 451 354 375 60 28 13 339 83 59 68 411 439 122 306
337 232 122 290 404 91 325 384 499 420 495 405 376 27 476 196 210 27 461 180 66 162 103 370 230 161 95 189 283 304 220 481 195 206 460 166 210 69 463 377 56 466 17 182 60 254 216 499 2 57 266 482 6 79 489 203 449 145 137 97 296 490 118 441 122 191 205 413 9 177 249 334 493 300 429 472 78 361 64 189 193 107 413 43 65 182 65 23 199 444 161 401 134 253 300 369 242 271 322 492
389 47 465 469 271 462 485 122 427 189 263 41 354 112 318 295 203 265 34 420 27 18 112 315 421 415 82 484 180 103 163 55 290 381 219 259 198 77 372 222 422 52 236 405 203 368 171 34 425 91 126 374 489 151 258 31 440 24 470 76 34 457 268 223 350 13 332 324 393 214 212 193 153 232 397 182 77 86 426 145 198 289 404 354 463 112 62 354 188 188 225 15 105 478 366 459 425 494 398 374
49 402 301 498 386 414 500 343 292 104 282 336 199 498 290 175 177 114 204 239 354 68 396 254 491 464 303 393 160 273 355 128 57 211 32 230 219 3 330 454 469 418 399 31 7 225 40 375 341 393 403 353 21 341 156 74 15 428 136 168 445 101 223 74 81 138 43 13 92 126 362 424 18 271 231 93 433 217 80 201 294 389 130 163 383 210 336 423 163 132 122 205 286 68 14 65 74 208 359 23
177 290 7 132 25 224 96 53 175 393 97 272 110 79 284 71 467 80 113 232 469 1 340 42 35 89 361 352 97 268 475 274 166 152 396 485 181 299 476 412 425 443 177 379 436 389 347 24 191 387 79 196 467 78 57 409 389 454 379 381 496 312 124 415 423 470 256 74 301 247 367 464 81 17 401 232 495 269 327 337 224 287 303 208 45 105 38 488 49 169 409 468 307 16 466 252 142 50 46 87
100 110 179 323 159 491 243 113 124 159 30 316 467 444 94 384 46 381 188 273 339 460 52 257 200 463 7 339 418 340 314 52 410 359 433 469 429 381 191 21 316 478 329 381 245 210 439 414 281 482 303 261 356 138 302 276 195 108 384 327 244 61 100 214 127 110 151 19 196 54 374 85 4 407 406 155 37 37 91 298 498 92 43 271 27 327 292 214 121 60 449 343 421 254 70 456 149 286 201 92
150 459 93 244 399 101 363 490 266 84 170 21 386 444 191 350 281 123 146 132 378 206 395 114 349 120 135 285 191 57 175 495 441 275 37 148 450 335 341 175 74 480 107 104 419 148 329 469 166 464 264 436 140 2 232 15 457 367 45 452 287 186 122 382 372 415 400 315 188 337 115 118 292 150 241 8 63 414 452 273 171 21 33 182 412 252 302 153 196 468 54 270 128 363 18 357 458 431 462 399
425 297 59 360 169 188 160 377 155 213 83 371 103 80 372 462 15 152 229 50 146 218 238 322 118 33 258 450 325 191 189 462 452 42 127 423 72 238 279 39 452 184 414 461 317 340 233 174 254 373 140 365 94 143 62 309 5 331 96 252 10 58 188 473 278 405 233 308 285 306 453 40 331 494 29 268 230 193 405 92 253 251 437 375 473 140 282 428 486 407 191 435 205 213 341 85 95 90 3 366
78 381 449 464 460 265 321 310 106 309 289 297 192 399 34 289 493 172 299 291 255 294 280 240 18 64 6 105 250 312 440 126 42 140 281 468 96 258 430 498 21 106 94 161 3 408 83 145 91 434 156 34 109 289 329 344 135 89 77 124 232 56 194 10 296 497 410 337 461 7 139 86 5 453 426 437 332 356 117 235 24 108 285 403 478 91 207 407 406 4 67 86 92 210 357 245 73 456 423 269
106 319 186 149 333 23 17 113 214 90 369 77 3 381 246 14 141 303 168 389 185 32 343 304 314 452 125 58 472 206 277 462 228 101 134 110 486 302 210 420 221 414 409 369 120 315 343 424 418 478 47 432 259 311 294 495 390 262 393 52 394 208 346 457 57 259 389 173 188 55 291 182 473 352 424 319 231 307 290 267 424 180 222 440 310 336 484 124 143 339 242 330 333 85 294 26 196 88 498 348
207 26 460 193 11 260 197 438 100 14 8 105 102 377 41 143 260 368 250 194 275 487 62 74 284 441 83 315 60 88 456 308 301 55 413 407 260 367 123 22 143 328 52 422 37 485 92 116 333 52 309 255 74 325 376 357 342 56 8 400 147 483 469 208 240 362 26 375 38 483 406 367 124 444 197 151 72 56 424 390 318 189 431 131 205 160 88 359 280 450 279 22 326 420 480 498 466 232 179 428
89 5 211 257 95 317 263 61 47 251 375 11 133 217 233 256 479 17 147 297 65 368 235 376 439 381 289 224 279 122 417 202 7 146 433 239 498 80 231 286 337 273 188 426 121 387 390 4 334 117 310 232 286 29 225 135 487 353 168 206 283 396 273 34 379 30 149 442 375 368 161 375 487 404 202 349 193 426 385 55 106 366 272 284 447 262 97 407 438 377 112 268 283 156 42 413 271 228 174 228
397 482 127 13 194 343 111 387 259 184 246 193 417 71 427 119 170 266 160 153 368 186 443 344 411 130 217 500 419 437 371 366 323 327 40 476 145 58 488 399 237 106 85 421 232 326 410 338 57 68 285 250 383 242 75 40 293 384 94 216 329 279 407 429 156 419 341 363 443 203 207 389 378 430 109 229 388 145 320 5 12 143 53 284 42 305 234 483 4 109 144 14 460 307 60 141 153 385 177 470
308 181 139 164 126 388 379 242 133 375 458 294 464 425 174 244 445 277 272 481 404 253 183 30 455 459 258 481 404 439 319 290 283 132 404 193 468 494 408 142 39 443 467 442 483 266 188 472 492 314 274 415 446 443 152 37 317 33 363 403 189 204 32 91 500 321 122 418 203 293 432 71 190 425 467 492 168 143 215 320 215 203 74 380 384 206 433 53 330 350 118 300 25 125 384 443 346 367 275 117
238 421 440 288 319 469 306 223 296 58 450 487 145 484 127 405 355 149 163 350 11 85 18 473 91 41 138 479 441 156 14 44 456 82 291 400 128 355 271 45 293 89 16 87 14 266 115 280 224 126 56 176 175 305 39 261 55 66 237 108 489 69 356 498 494 305 277 95 230 242 89 151 381 453 1 59 443 81 422 229 334 43 391 372 427 471 467 68 133 429 144 170 231 442 378 102 438 280 295 91
122 452 117 191 175 225 327 76 67 327 376 71 356 203 252 314 465 110 26 276 39 10 149 7 276 394 131 94 317 36 30 422 286 155 207 156 17 399 48 494 125 350 81 357 410 248 89 496 386 415 248 106 327 388 161 94 500 60 5 89 493 376 83 353 342 109 500 65 81 437 16 200 267 269 56 137 391 293 438 216 255 72 108 371 292 277 109 371 401 180 71 454 118 205 326 30 377 369 368 186
140 236 423 244 369 278 477 486 417 339 198 418 209 241 206 369 231 445 234 202 211 389 212 85 368 220 169 186 22 476 362 112 184 149 198 425 248 306 408 353 95 127 76 35 137 209 471 140 25 125 436 348 373 28 287 353 365 305 258 216 371 387 386 497 170 181 385 127 292 337 276 82 95 51 149 197 318 88 103 16 383 51 314 273 96 411 392 180 430 313 306 300 50 250 52 351 71 132 470 60
332 416 449 388 45 389 425 192 481 322 26 260 315 251 308 237 475 220 228 44 245 110 398 46 217 131 380 312 147 327 76 250 336 469 304 396 187 448 227 380 276 409 471 246 146 126 24 23 135 300 225 109 22 265 226 87 472 196 192 80 67 401 328 419 40 284 142 358 286 499 133 342 133 449 473 150 401 388 109 224 65 379 418 88 2 390 144 485 112 178 172 181 13 73 121 106 431 409 297 287
138 112 116 263 159 361 116 459 106 415 96 376 132 377 422 115 118 2 349 292 185 462 344 75 401 389 494 437 114 120 373 336 362 20 226 109 4 251 6 104 348 487 337 20 438 69 204 489 392 240 495 7 155 189 431 150 494 339 124 259 367 122 91 242 23 366 220 446 153 280 366 441 368 454 317 115 391 445 340 397 124 382 49 195 205 43 301 363 407 56 230 427 451 36 490 264 7 311 291 204
404 373 28 462 20 301 232 410 118 382 52 134 267 155 282 430 136 210 319 242 137 349 18 485 168 99 391 407 181 225 492 483 247 160 193 52 100 291 167 414 176 494 253 389 479 479 200 229 401 435 38 85 445 186 349 355 345 47 20 194 84 446 89 496 271 102 21 271 64 10 452 448 255 202 10 126 376 77 484 423 493 421 299 335 82 172 42 412 207 215 97 219 445 426 18 91 54 272 157 163
9 479 361 357 313 251 42 204 70 12 250 423 461 259 352 333 108 178 3 6 306 171 408 437 251 132 327 239 454 433 224 352 41 150 218 110 172 245 289 392 362 168 394 289 159 423 445 329 328 418 158 484 495 50 132 286 56 448 13 133 453 274 300 498 210 137 457 355 23 185 245 307 469 212 42 281 435 48 88 225 110 313 46 18 171 27 73 198 313 42 460 171 365 136 36 399 67 228 53 240
22 212 286 192 190 443 309 198 168 276 305 394 397 142 381 119 157 16 49 172 480 144 418 392 464 353 24 33 113 311 359 448 414 323 330 305 370 20 5 17 233 212 350 89 487 499 365 157 360 403 174 217 139 35 451 104 167 429 368 59 151 222 175 315 56 191 342 190 105 130 34 461 337 250 423 379 467 310 421 224 279 405 386 76 455 384 257 204 394 19 263 29 18 5 11 487 450 412 41 486
5 182 204 45 372 149 259 324 281 194 414 257 155 222 328 289 36 440 89 79 374 411 68 385 74 482 171 209 386 248 419 364 219 195 160 191 478 374 54 357 212 395 414 386 204 487 48 194 80 42 391 397 113 334 146 341 147 412 297 61 129 1 441 32 435 297 461 427 75 213 126 263 24 371 325 143 399 104 489 358 133 421 87 166 12 137 93 305 413 333 256 23 255 295 101 127 236 290 344 313
425 350 427 436 116 156 302 81 460 442 11 465 272 324 461 431 122 322 229 209 477 496 455 139 23 105 188 193 408 264 159 19 382 161 305 488 469 367 342 349 178 419 487 73 459 23 29 238 75 99 274 238 373 95 457 440 358 463 214 283 106 282 131 43 258 276 170 92 452 334 160 9 285 493 231 430 223 131 122 450 186 414 95 346 8 495 20 463 270 209 327 386 268 266 154 25 36 391 13 159
463 21 379 191 28 286 323 174 341 397 199 4 496 261 480 367 137 105 431 465 233 357 474 168 36 399 173 250 78 440 198 305 373 405 42 180 107 98 87 148 248 443 409 441 257 108 380 183 33 57 59 446 71 479 40 305 339 81 237 385 99 272 257 108 54 121 428 106 440 277 342 493 490 71 489 250 327 359 291 466 175 403 32 467 160 469 193 276 53 233 106 258 374 170 409 33 74 341 13 386
353 485 113 351 156 5 8 403 73 337 465 342 372 452 235 355 151 62 136 84 161 162 197 231 282 292 264 174 43 86 301 331 52 412 387 337 349 271 124 303 450 491 72 460 236 212 321 449 412 134 324 162 121 378 134 357 164 284 424 374 316 296 386 374 264 116 53 177 31 439 442 350 151 334 81 410 96 186 281 411 123 274 393 138 495 448 65 462 40 65 349 426 34 243 444 439 192 220 118 210
73 326 434 385 449 94 116 482 402 305 368 478 419 33 222 101 91 270 89 259 135 178 262 176 268 295 131 493 203 493 77 158 155 490 130 319 190 165 192 195 281 468 426 101 325 55 34 44 122 126 97 10 276 44 306 41 162 493 168 464 458 223 97 79 378 447 71 51 222 63 156 394 346 469 126 430 396 105 208 324 248 32 397 359 95 485 419 384 118 66 115 161 91 73 291 213 133 397 467 311
121 248 399 137 450 267 13 198 88 495 136 354 182 125 379 496 158 2 155 452 309 243 416 359 121 238 433 447 190 60 322 416 234 325 48 375 448 292 430 64 134 204 91 248 422 46 127 335 349 359 454 500 392 169 251 180 134 323 210 123 56 274 225 197 384 243 288 462 175 125 184 274 37 399 267 350 463 393 136 147 405 313 140 77 278 164 165 498 124 21 69 428 391 17 73 50 361 324 334 131
137 208 391 372 20 94 215 98 483 279 226 211 440 82 132 352 431 258 17 32 169 153 283 379 274 224 336 116 125 404 269 491 428 181 393 365 348 416 79 53 66 445 307 65 214 241 243 217 268 434 339 246 280 489 252 150 454 40 418 174 118 417 363 242 334 31 239 381 477 69 188 342 161 491 184 14 157 341 122 23 185 425 14 333 365 72 220 331 247 159 313 394 20 172 176 443 448 370 3 218
293 193 393 279 95 173 203 108 453 500 125 120 264 407 188 450 477 126 58 198 279 332 382 232 490 434 62 447 62 66 104 208 291 200 200 497 447 28 350 408 375 66 235 11 379 422 333 32 359 187 113 37 301 477 487 181 86 222 29 458 485 441 10 98 289 235 217 270 12 125 409 6 80 491 383 203 428 169 285 160 227 76 123 234 128 87 179 343 143 82 269 442 236 391 461 231 6 127 462 428
126 228 155 164 183 229 348 450 499 23 76 253 420 164 26 247 185 453 31 455 130 363 336 17 430 237 125 429 66 119 115 417 81 284 440 442 428 168 244 443 184 152 433 151 422 448 87 436 451 48 380 223 461 482 416 414 94 459 137 415 308 467 129 339 122 68 369 84 324 185 254 426 198 64 237 114 23 182 267 433 70 256 449 30 305 249 17 145 424 386 298 325 427 254 309 424 313 133 128 242
27 304 469 333 425 388 295 60 401 48 330 357 61 395 422 158 404 322 90 297 57 240 63 308 456 344 276 447 362 7 418 12 58 73 25 237 418 372 296 145 391 347 138 193 193 279 372 295 389 449 455 264 438 370 179 276 112 440 339 433 183 45 162 126 229 80 58 290 243 382 396 30 65 117 178 196 356 198 106 368 41 226 408 107 193 277 211 368 103 77 378 452 9 398 140 293 54 382 97 194
28 266 412 357 190 185 334 258 330 463 118 446 399 34 294 274 129 302 118 73 26 415 124 113 346 217 426 206 383 122 416 322 219 139 454 332 145 433 314 97 397 180 466 348 212 357 230 10 136 169 4 150 458 130 291 60 340 428 248 477 277 182 43 72 140 310 389 14 387 471 188 378 151 62 2 22 436 353 348 292 264 216 239 198 148 329 245 399 215 474 226 279 339 374 53 168 149 353 132 91
291 472 467 46 468 107 148 273 399 412 259 432 455 439 72 275 94 402 485 29 464 451 174 96 425 491 248 240 286 332 473 256 469 264 471 117 467 165 500 145 242 436 148 492 80 265 10 183 439 329 260 355 73 320 214 44 365 50 3 356 52 44 18 286 45 280 110 295 314 286 443 408 218 396 457 356 327 473 340 244 471 494 373 481 192 490 371 344 184 374 410 474 255 418 221 43 311 52 251 475
106 119 120 210 159 477 122 249 201 409 161 409 458 214 401 182 219 486 262 32 396 363 88 481 225 125 107 466 383 137 65 68 329 129 113 409 54 272 407 27 427 285 31 279 36 266 201 319 323 372 441 42 427 372 391 131 171 337 377 91 489 491 435 457 399 158 381 344 67 486 299 439 277 398 471 368 429 497 439 391 213 154 362 135 344 494 347 308 167 189 125 126 495 269 70 249 120 260 136 357
370 425 27 269 236 351 141 281 452 216 426 388 152 125 390 120 272 114 465 177 120 156 109 189 261 462 264 102 49 381 31 312 33 191 212 412 224 336 218 291 256 106 256 248 367 23 56 207 123 34 124 282 358 228 342 462 373 203 108 136 22 281 370 159 151 176 76 476 420 71 10 418 42 226 362 99 314 329 340 88 420 104 493 178 366 13 498 158 376 279 415 476 205 423 382 293 103 223 338 146
168 386 265 180 296 127 221 5 294 357 195 238 29 229 238 357 10 206 262 4 457 366 34 239 243 31 305 76 372 445 375 23 459 138 22 334 147 205 73 284 85 100 308 171 427 240 111 96 129 63 491 253 75 340 200 45 72 319 324 195 54 25 208 35 415 36 361 400 407 237 107 56 98 153 370 231 240 361 118 373 148 202 176 418 148 240 104 205 115 174 323 219 86 327 306 244 244 244 493 343
64 402 476 297 227 115 7 345 23 197 56 22 417 312 107 283 345 172 31 233 123 143 336 416 458 357 449 415 37 205 170 114 213 428 133 200 71 408 484 60 357 100 403 201 46 125 306 26 363 239 200 474 326 361 495 340 267 157 151 478 392 309 72 5 222 462 22 53 496 3 403 154 222 474 175 48 168 321 64 336 447 270 363 467 62 241 109 50 20 255 399 26 289 301 50 494 242 292 80 167
77 215 422 146 237 9 173 389 304 78 421 322 39 345 23 242 306 447 173 276 235 84 254 116 29 236 99 29 303 261 297 207 265 452 222 281 361 397 37 19 335 431 222 426 470 374 396 61 269 279 267 495 13 234 178 97 481 270 142 449 226 344 312 84 473 162 464 486 288 89 451 363 136 463 313 244 174 387 345 254 459 339 436 427 17 185 257 442 390 476 341 444 266 99 67 416 131 231 205 253
104 159 311 490 225 295 124 471 242 47 422 398 365 259 151 156 54 321 89 22 327 226 295 500 283 229 16 246 225 180 475 157 491 201 111 140 455 438 100 227 176 298 55 18 41 391 455 375 74 375 143 57 198 461 261 97 106 112 470 208 127 466 125 415 142 282 24 120 499 376 249 8 451 128 64 249 281 86 156 266 306 458 196 375 259 403 272 69 497 323 320 173 131 129 3 498 216 224 268 102
364 448 449 1 190 47 53 456 12 208 85 332 218 67 480 376 394 476 488 464 113 367 425 105 363 392 327 298 264 379 212 329 96 306 163 497 272 322 365 454 91 23 358 242 460 265 349 418 385 317 363 2 132 201 427 485 316 188 497 375 439 313 180 278 73 186 164 435 429 19 447 484 373 475 180 351 490 475 358 104 332 480 42 184 140 125 383 245 409 136 162 362 373 95 111 20 363 392 125 44
148 184 103 485 305 238 238 194 335 137 484 406 90 337 362 273 140 401 443 38 59 87 478 240 342 498 122 92 304 294 193 55 208 63 83 171 58 451 181 101 20 17 300 160 276 187 211 298 290 303 429 154 251 247 198 140 425 350 495 448 304 483 168 350 292 12 31 187 22 251 13 264 130 208 31 252 63 355 121 376 305 401 340 98 25 100 245 28 154 329 297 111 136 96 285 95 264 115 40 476
372 347 478 400 16 238 8 148 290 181 221 432 214 241 38 472 23 400 303 255 375 364 62 172 409 118 321 412 241 189 316 263 476 88 54 69 127 59 369 136 154 247 370 139 397 180 119 53 292 14 418 49 209 491 96 90 392 497 200 137 58 383 168 327 434 122 317 212 442 455 457 115 324 289 125 476 166 278 315 42 12 258 294 434 341 113 490 277 416 85 158 358 342 465 71 453 142 376 281 436
90 154 447 345 204 282 217 449 414 106 359 466 311 145 74 426 200 91 42 333 453 21 203 473 357 490 11 194 497 423 238 264 420 464 42 44 96 238 169 192 31 125 257 333 282 110 499 396 29 3 457 260 40 112 377 135 222 306 19 197 471 223 363 247 241 435 171 128 14 457 313 17 205 409 452 97 308 433 314 496 138 214 245 230 92 1 27 363 253 97 167 293 228 178 27 334 283 32 275 309
180 236 90 56 426 80 48 349 241 485 158 139 199 226 457 175 46 385 354 345 278 329 111 403 2 61 369 108 173 94 139 315 394 253 326 81 286 319 330 353 153 316 117 73 285 205 294 472 240 74 7 103 253 275 317 473 384 466 6 481 253 377 416 473 312 276 210 212 7 196 340 12 55 1 47 304 138 19 417 404 104 459 187 98 270 231 184 364 110 397 139 453 419 186 48 15 497 30 168 493
211 15 423 397 460 327 172 400 134 108 204 262 238 413 193 23 356 193 206 314 286 125 484 319 217 370 196 38 44 313 59 39 349 251 278 412 377 292 310 214 232 224 463 421 248 495 129 144 116 372 251 330 126 468 32 255 64 259 472 42 44 53 233 264 57 466 47 274 474 174 465 55 196 379 447 363 59 232 66 204 443 265 377 1 236 316 307 447 490 223 456 273 379 367 105 167 338 102 71 166
248 208 156 252 164 79 197 420 88 190 421 194 80 97 417 84 96 57 414 396 57 141 308 29 352 2 61 117 93 4 184 107 249 3 127 303 350 241 21 224 19 284 301 220 456 346 340 142 175 372 274 97 170 222 270 387 183 234 47 315 86 414 39 244 404 258 419 225 198 419 398 149 30 405 95 493 323 102 380 243 206 471 277 482 188 261 281 85 442 165 346 172 48 234 267 219 322 425 487 281
432 438 35 75 282 387 393 208 280 7 293 200 431 428 427 273 355 349 160 339 159 170 345 50 227 360 329 337 395 26 124 366 409 455 71 132 66 13 233 204 374 176 396 94 193 176 160 169 23 392 220 177 200 195 254 308 171 313 8 328 345 397 358 382 301 487 463 185 167 46 5 401 289 390 405 88 67 486 269 388 187 486 483 18 252 323 256 138 97 288 337 143 54 79 146 277 484 4 109 121
428 438 235 476 295 102 67 441 162 191 267 321 497 66 80 183 470 80 19 139 344 322 423 209 136 223 472 248 21 416 260 279 264 141 103 432 289 7 443 427 380 434 78 451 56 388 463 103 251 406 480 182 377 57 481 436 99 94 258 400 496 499 60 109 343 83 112 92 104 144 199 133 192 459 277 100 252 488 94 378 366 314 299 359 96 93 269 248 32 204 323 63 418 84 197 128 225 186 248 424
204 158 419 275 488 249 479 191 88 355 471 99 466 2 163 330 40 338 431 79 223 116 445 433 170 376 254 433 455 259 273 16 316 232 51 368 292 73 136 393 163 116 451 404 255 401 64 174 178 476 322 247 122 411 22 33 292 61 70 286 341 295 131 212 56 442 200 9 441 232 302 286 67 381 161 482 378 126 302 231 53 138 329 202 293 193 483 298 395 258 82 234 445 392 302 128 174 192 107 462
123 352 15 33 401 474 270 154 329 65 100 307 14 267 198 464 292 80 28 397 282 289 274 440 465 56 115 410 279 382 325 299 406 143 14 246 326 38 429 273 158 459 468 480 24 265 80 127 356 240 248 207 445 341 448 327 57 113 71 414 186 3 80 232 9 393 378 68 106 415 213 88 349 288 461 307 235 130 214 116 352 396 115 52 464 220 198 438 254 94 93 287 270 52 245 6 66 251 109 217
301 52 308 187 436 98 15 22 433 23 255 243 128 497 335 61 323 105 195 287 307 350 316 236 453 141 472 354 414 143 352 96 416 113 296 186 74 20 111 2 400 70 127 134 442 249 61 453 76 299 283 92 88 113 328 492 110 353 65 290 299 81 361 489 61 28 492 412 204 348 188 294 71 197 203 478 314 253 357 346 413 266 469 204 24 360 227 31 384 253 37 396 436 226 114 71 331 159 303 366
70 465 250 49 449 375 273 204 111 298 32 245 309 103 304 296 129 219 16 207 23 185 49 470 211 255 500 188 218 48 132 440 30 110 15 22 316 276 355 35 47 237 227 62 200 426 439 440 476 322 120 30 293 9 295 218 205 130 210 262 426 151 348 337 188 475 273 101 196 73 191 216 386 164 363 413 36 56 269 298 367 340 147 25 105 131 372 371 170 102 142 494 331 158 69 181 245 276 285 138
156 337 256 2 198 167 127 136 104 140 117 101 370 352 95 46 316 94 308 346 387 248 300 261 299 308 299 414 446 50 230 101 144 73 155 433 308 299 46 44 394 365 68 483 495 259 452 46 98 40 136 204 64 260 148 464 83 199 411 461 330 125 46 397 75 9 472 121 186 235 89 336 128 32 475 106 172 354 112 193 70 399 255 351 250 270 25 332 43 272 234 452 454 107 290 355 363 21 207 17
116 95 137 104 7 399 148 35 232 119 56 187 342 295 486 495 407 327 261 451 110 161 322 6 140 101 98 182 373 472 50 219 324 2 249 24 429 57 416 152 206 378 97 53 21 20 280 276 464 52 262 425 462 92 250 404 207 225 304 157 394 83 494 152 410 180 462 189 14 94 12 83 204 247 433 110 306 123 298 466 128 179 191 24 439 301 194 170 57 498 466 267 226 155 134 449 232 443 27 68
327 162 75 406 12 148 361 360 449 91 411 237 253 226 127 474 166 322 437 491 107 306 385 399 135 459 172 432 487 220 167 148 439 466 395 144 269 364 287 342 97 381 305 220 122 186 145 90 135 91 240 497 353 301 203 471 219 9 330 274 314 145 96 148 152 464 121 70 257 192 180 64 142 218 416 321 434 197 356 109 364 454 416 131 428 457 225 130 330 465 138 17 32 329 6 368 62 361 490 302
492 403 367 212 138 156 372 21 66 494 305 13 216 340 65 357 55 282 264 212 242 242 100 486 340 71 106 326 372 414 178 480 440 108 458 249 494 238 94 373 454 403 370 277 389 313 461 9 277 439 221 359 5 20 387 151 409 489 79 249 129 4 186 369 452 219 117 204 184 396 120 413 71 368 244 466 26 70 2 88 59 320 210 492 217 65 351 260 423 224 50 221 158 461 456 480 422 443 475 285
470 17 499 356 372 439 240 295 415 321 239 87 15 49 432 401 459 494 98 351 169 201 158 372 426 349 144 366 314 480 178 254 195 52 226 268 234 102 18 188 6 88 225 226 89 358 101 486 221 421 259 494 160 2 124 201 489 62 176 436 88 119 439 79 373 110 128 204 136 409 77 211 129 269 497 449 19 397 193 123 331 468 44 436 247 129 335 187 320 481 149 456 176 88 309 80 407 212 141 281
45 47 430 355 19 495 300 483 60 148 323 211 5 209 332 410 44 44 240 151 114 50 439 292 59 230 115 369 347 491 297 157 347 457 293 272 398 168 147 293 432 244 316 219 44 408 487 265 248 36 223 483 454 67 91 237 12 242 298 192 15 469 46 258 493 461 342 5 322 497 169 145 438 427 123 391 156 296 203 93 107 414 232 231 263 247 221 107 352 185 87 78 83 335 161 63 247 282 128 336

100 100
175 278 115 403 314 115 235 291 340 33 223 464 388 179 155 340 278 289 397 410 48 433 152 9 57 346 443 91 158 105 1 489 373 464 16 342 402 313 177 91 236 156 66 11 346 154 341 278 309 145 136 140 431 368 430 34 288 221 200 242 87 363 436 161 18 223 184 377 498 288 445 418 361 283 353 176 246 66 396 340 297 171 121 214 194 375 270 166 24 371 404 259 262 496 471 351 179 420 305 152
365 95 71 156 51 381 119 96 251 34 126 269 415 428 267 49 297 110 60 406 16 23 227 457 54 185 68 341 399 73 349 53 217 313 20 18 91 410 393 49 192 426 370 159 229 202 437 197 248 329 487 56 346 78 150 138 301 353 414 243 194 241 339 147 45 12 206 146 122 83 259 293 295 74 231 191 246 254 191 471 291 286 57 23 348 144 51 20 311 340 439 431 438 68 266 102 49 96 444 281
178 293 26 188 153 346 490 24 214 80 335 68 52 464 278 130 8 208 164 463 118 397 295 136 4 335 46 66 430 282 23 400 354 343 478 146 7 242 456 31 249 108 40 272 167 438 466 365 386 150 162 252 414 274 56 341 457 196 247 171 68 277 441 222 330 433 35 232 404 380 491 167 300 86 491 446 467 275 123 223 30 173 271 329 29 388 338 255 28 239 38 165 170 258 261 102 88 341 44 228
129 378 105 343 20 353 197 191 351 272 477 122 246 259 201 132 180 366 332 293 494 359 305 98 487 344 276 302 357 335 388 117 297 491 292 365 30 500 110 37 226 467 8 17 147 55 250 44 232 289 258 286 86 251 177 128 54 500 311 465 473 186 174 170 405 18 439 29 174 247 392 241 153 356 144 39 455 463 370 298 229 338 348 461 40 459 111 452 36 13 295 440 91 26 160 190 476 61 196 56
42 344 151 48 406 192 425 93 10 270 495 386 394 152 333 46 229 79 308 93 371 325 21 48 152 265 143 180 55 467 472 79 185 242 297 455 426 142 169 176 304 180 108 218 285 229 221 389 171 60 61 52 328 133 480 313 382 477 166 427 187 175 56 436 302 217 308 1 253 473 345 410 8 354 479 206 403 437 157 251 1 458 336 248 323 370 67 159 440 322 330 275 397 298 249 27 360 228 182 26
356 474 325 417 110 47 259 318 347 146 369 379 435 109 344 326 201 353 364 137 224 437 37 47 300 430 94 276 444 176 217 375 155 442 236 376 218 324 384 263 128 426 389 353 259 300 445 130 152 32 17 193 298 233 300 58 493 41 159 180 163 225 80 469 393 320 246 467 483 196 81 443 299 281 19 459 461 461 473 165 125 280 384 435 154 133 56 303 458 57 333 310 97 342 291 277 323 348 231 348
314 364 137 100 487 108 399 140 341 461 212 55 291 1 222 92 336 68 340 88 324 78 66 326 388 387 446 405 157 329 138 489 476 86 455 57 95 439 56 375 38 379 34 41 227 95 382 93 84 17 269 408 96 227 347 222 303 425 339 374 46 131 63 327 432 209 392 393 361 298 144 21 18 473 379 422 157 134 146 178 211 151 430 216 80 199 135 221 246 15 12 257 102 117 355 104 134 92 124 91
55 477 243 449 8 332 221 416 486 334 481 270 165 206 256 42 486 19 2 218 315 136 226 87 82 55 423 59 6 462 109 470 224 169 244 468 317 69 181 130 270 474 318 458 338 258 44 126 157 309 131 148 198 121 273 125 317 388 292 258 115 295 272 281 437 359 195 474 496 250 266 59 426 43 161 498 313 3 92 342 32 69 154 368 171 303 288 84 80 346 9 77 291 465 233 174 54 119 303 213
127 446 488 73 209 117 433 273 329 7 374 407 436 367 465 19 236 157 267 195 79 297 73 389 52 245 43 50 213 321 351 432 44 139 231 386 253 19 79 64 182 490 485 497 244 328 416 234 403 329 481 328 136 484 231 201 154 134 452 499 190 311 211 462 186 136 170 89 291 16 60 454 243 72 416 439 56 312 412 350 428 41 242 66 427 8 359 307 340 28 42 149 270 347 335 143 256 124 289 448
62 264 95 19 203 147 330 198 118 52 329 75 290 344 17 407 60 357 111 326 330 307 379 172 410 439 38 472 159 500 17 14 221 388 89 170 303 45 342 352 98 144 250 422 245 139 434 440 383 488 336 185 149 495 203 71 250 273 481 212 258 439 96 348 445 224 388 314 384 497 264 78 486 338 263 469 296 188 107 127 171 79 205 20 479 295 374 180 250 473 467 15 153 170 9 438 17 404 454 9
161 70 476 298 93 245 170 63 136 96 355 114 493 213 472 193 8 387 415 447 403 241 27 348 309 387 9 473 306 85 485 454 395 417 81 267 437 31 370 469 270 218 323 468 54 53 237 101 254 336 311 188 3 205 25 164 246 18 264 270 104 370 350 90 16 443 15 144 82 322 473 448 105 186 253 317 329 172 18 412 128 444 187 399 448 340 366 488 235 6 339 22 216 235 297 143 235 415 84 45
391 117 301 240 310 1 298 66 399 146 228 180 235 194 262 429 489 261 122 375 212 480 436 435 479 299 256 397 96 387 500 23 459 285 26 377 272 273 201 214 318 216 427 161 209 397 205 404 268 210 122 217 370 129 84 211 494 129 440 486 305 401 14 9 263 173 10 422 322 168 234 313 224 93 356 315 468 155 281 272 204 312 459 139 463 141 404 181 48 237 347 18 286 21 490 341 435 178 87 16
361 415 229 160 93 190 282 127 365 176 328 445 230 498 463 135 387 90 251 212 171 17 384 228 402 449 124 124 138 60 119 439 24 371 295 451 500 24 122 270 436 393 468 218 423 214 136 71 336 19 312 61 381 318 413 481 344 377 256 219 93 207 140 170 192 357 72 150 23 3 56 242 202 491 260 370 6 453 68 128 439 248 265 470 395 304 449 106 382 183 318 425 36 30 142 292 165 160 288 174
199 411 193 396 80 262 14 136 247 347 167 429 17 239 202 453 443 35 178 244 212 396 256 9 184 231 89 12 34 61 105 352 175 167 403 258 311 166 231 152 312 64 418 9 114 282 195 319 490 369 233 489 498 124 364 310 467 279 357 459 431 69 266 260 157 345 143 335 52 126 83 369 433 303 432 325 436 370 320 195 75 314 467 342 213 258 407 166 362 448 419 198 316 496 222 251 398 416 234 452
385 441 238 297 331 457 245 459 152 405 156 355 18 291 121 122 329 494 369 307 493 190 252 87 224 482 384 151 57 334 115 349 378 63 356 137 448 172 85 350 101 392 344 424 245 245 278 5 337 299 81 165 320 198 369 65 25 12 261 318 209 4 21 378 235 224 274 288 19 109 423 236 205 196 35 387 137 201 461 419 321 97 440 176 262 218 326 440 80 347 43 496 221 107 430 431 344 249 216 155
123 54 265 156 318 468 256 357 223 359 102 460 223 294 313 197 44 375 304 409 384 277 226 412 486 191 98 193 236 255 61 207 490 400 468 385 134 27 456 239 100 63 52 438 272 346 491 105 409 412 418 12 424 379 371 484 145 477 132 256 360 226 234 344 191 83 176 488 71 379 434 364 418 288 248 33 469 1 277 191 327 346 250 92 161 461 172 388 108 327 148 428 388 492 71 452 288 319 107 397
338 305 57 365 348 265 16 69 362 175 50 427 480 312 445 435 401 111 46 74 372 101 239 326 429 263 161 93 373 314 328 213 139 421 298 376 493 488 108 246 93 192 11 450 175 386 280 80 279 153 334 426 404 407 410 276 194 432 92 300 310 314 387 173 71 56 189 352 398 482 145 475 216 55 325 362 160 254 376 127 222 219 331 24 424 342 169 388 37 4 128 221 411 253 338 16 434 209 367 241
362 9 408 337 302 433 378 177 98 166 251 100 262 317 150 302 169 460 243 249 15 489 417 148 391 133 369 259 61 129 414 144 258 375 105 448 444 283 164 177 110 223 389 68 351 412 412 166 305 412 7 455 384 491 423 264 406 398 319 210 335 306 117 97 6 180 236 319 424 359 291 105 5 235 327 319 496 202 48 211 386 176 364 388 284 28 437 119 53 252 35 324 255 266 143 110 285 450 320 373
223 449 355 162 418 462 289 486 437 66 75 231 358 173 169 350 139 499 478 465 411 313 278 52 203 195 126 333 295 222 448 178 417 233 18 439 72 256 290 228 180 153 382 264 497 171 61 471 135 10 281 384 165 65 188 349 28 271 76 366 29 127 385 209 100 37 125 135 364 319 414 494 418 38 152 219 431 163 220 281 254 257 72 428 382 279 250 72 160 341 430 289 467 176 215 23 37 468 125 206
480 263 180 56 221 345 187 497 461 132 49 87 415 400 134 383 58 391 395 23 301 157 440 116 326 401 362 104 21 257 242 80 158 127 224 140 17 175 496 266 102 499 145 438 461 58 295 490 155 256 56 321 287 362 371 374 459 171 495 468 452 470 471 141 254 304 341 491 37 314 107 278 487 247 239 209 137 233 491 182 181 448 233 24 241 125 312 356 457 186 221 60 233 385 381 145 365 28 76 492
339 438 42 141 61 336 195 451 222 265 465 169 133 199 231 117 295 346 495 95 330 90 199 231 466 428 436 464 381 350 433 295 189 179 164 262 141 57 354 56 474 45 43 263 317 26 492 9 477 467 259 195 54 317 434 63 117 44 265 194 342 331 112 60 27 15 258 281 477 458 117 489 9 114 206 66 474 246 285 7 462 497 58 8 268 325 442 280 492 315 493 287 437 35 183 70 368 318 55 419
191 372 482 108 150 336 356 140 59 252 116 394 183 26 148 25 151 145 218 346 264 424 347 374 410 91 49 40 414 490 460 400 217 371 213 347 111 167 446 394 90 314 87 63 95 121 117 312 195 378 5 153 376 372 272 235 308 284 341 476 113 353 99 498 189 171 39 483 4 41 392 440 233 362 102 156 230 34 206 441 46 430 400 311 164 317 203 457 471 17 135 222 335 112 364 274 419 267 213 443
479 473 32 225 316 153 106 113 471 225 33 305 275 318 266 352 288 484 402 443 208 435 56 389 92 87 438 408 199 210 157 97 244 399 30 235 154 166 479 493 70 57 408 112 355 261 115 409 266 320 47 257 54 362 174 21 14 482 231 252 212 66 241 318 319 319 239 454 136 179 175 75 57 174 469 127 172 322 161 320 81 493 307 251 153 333 455 108 221 29 325 110 216 267 308 437 495 202 142 112
427 159 315 273 56 129 494 169 61 68 106 330 483 68 183 377 348 109 40 127 53 226 153 200 105 81 197 268 166 10 370 450 174 92 268 165 194 414 116 69 490 209 186 15 489 417 16 67 152 472 287 278 484 33 245 475 87 468 476 75 292 52 334 431 217 145 378 8 461 133 38 215 110 432 9 473 113 89 186 446 347 462 259 471 190 427 76 257 389 67 88 273 272 86 383 145 13 347 78 409
244 196 135 142 93 13 86 435 34 220 255 328 46 432 113 431 315 228 70 5 248 320 230 237 325 241 5 396 460 245 237 405 185 457 427 285 439 116 193 46 335 23 317 21 217 19 444 442 338 348 11 396 276 64 439 331 55 499 398 165 402 338 321 224 471 142 192 48 332 267 493 484 414 469 170 43 185 343 452 433 172 44 211 357 191 298 67 409 423 348 65 35 439 192 183 364 307 288 190 343
76 439 325 104 42 65 67 112 194 198 281 380 90 143 36 468 2 453 57 304 52 336 395 148 273 292 131 465 353 405 55 262 316 484 17 387 19 281 464 59 479 308 322 395 16 216 183 487 239 469 417 192 223 116 319 53 122 43 449 493 432 382 410 207 252 116 275 95 352 128 458 166 268 234 483 472 240 245 214 22 390 155 284 275 363 328 362 320 242 398 186 110 121 368 344 100 69 207 201 412
116 158 180 288 274 240 472 298 402 112 152 153 38 59 20 49 124 19 43 362 174 449 369 395 461 293 430 70 452 331 487 212 5 329 105 499 476 126 27 149 104 414 71 38 70 50 367 482 274 390 163 342 249 290 40 370 116 402 266 477 456 200 262 82 62 148 417 446 53 325 10 202 163 160 328 387 280 468 268 176 27 147 474 211 463 144 434 16 477 106 221 411 404 299 475 328 150 227 434 198
449 195 269 117 207 204 391 478 418 193 181 221 367 268 479 241 338 123 43 329 325 451 479 344 188 394 296 402 402 112 355 155 448 376 426 150 98 90 363 140 234 446 157 354 2 302 17 127 75 132 252 416 57 324 114 127 145 483 193 143 404 448 368 442 4 19 362 169 353 144 362 323 42 451 106 294 145 492 124 461 347 414 375 56 104 311 347 25 440 83 389 404 474 271 159 23 404 226 488 426
211 280 125 420 80 196 202 123 405 81 475 99 119 385 128 366 498 7 407 368 252 494 215 147 241 487 416 322 8 352 324 147 215 91 284 420 460 204 111 240 129 478 375 97 85 397 222 99 395 296 211 35 392 169 65 472 283 20 210 372 373 36 1 400 235 206 249 259 294 97 449 308 489 29 356 119 401 353 330 420 378 72 160 217 449 312 148 94 327 295 199 397 40 53 292 417 153 205 356 214
276 361 43 250 186 226 280 200 225 2 203 200 297 144 412 32 200 116 248 383 11 385 275 274 480 257 377 128 110 55 322 487 245 3 315 113 421 287 90 3 301 35 46 201 282 308 34 121 423 15 411 423 238 244 345 221 489 228 30 238 238 389 147 252 100 272 4 296 255 89 324 104 89 17 172 43 402 102 202 294 56 424 169 234 476 491 166 40 488 257 100 63 445 22 7 428 143 249 240 440
312 18 198 57 46 208 424 248 433 359 37 90 396 340 431 400 438 296 308 63 425 337 299 432 35 131 408 355 45 252 456 85 367 321 102 93 483 145 227 171 129 218 5 19 393 386 135 172 138 295 451 246 451 361 417 296 145 92 267 445 75 19 377 84 154 437 102 156 338 246 121 27 134 385 344 195 333 300 255 148 67 359 191 161 490 217 193 275 140 299 357 352 445 332 245 371 109 338 155 258
87 21 428 488 86 456 359 478 459 186 477 78 272 415 357 203 77 177 66 82 256 283 295 81 15 258 384 397 60 261 73 375 361 277 494 282 44 246 9 80 275 204 70 302 446 374 248 127 117 312 236 100 487 474 74 51 206 126 127 108 151 139 82 118 437 443 296 151 221 451 20 418 198 314 129 332 461 38 435 159 110 243 162 212 310 350 473 148 200 351 175 185 314 327 246 84 391 317 134 320
175 475 210 401 394 215 337 204 58 246 22 19 151 400 243 44 131 368 1 434 306 388 478 409 21 468 412 361 442 185 102 300 127 459 314 34 468 184 161 337 358 280 387 173 227 186 108 354 343 460 17 322 371 266 201 49 13 408 185 239 132 263 160 458 2 357 393 107 137 137 345 304 354 328 469 92 213 112 465 460 338 9 111 353 417 44 372 34 141 283 257 60 129 228 36 411 219 459 465 218
373 372 239 176 435 235 361 252 53 463 122 128 19 443 194 462 486 483 460 258 9 34 21 274 303 396 64 241 361 498 174 49 307 147 179 6 16 168 316 267 308 217 376 459 89 445 326 232 342 493 314 59 371 451 206 489 466 389 152 125 452 48 277 429 435 89 451 316 83 378 193 410 228 203 348 476 222 368 165 202 108 225 451 237 170 314 360 497 164 302 456 496 128 46 397 452 288 68 98 25
169 239 357 61 398 326 46 364 183 350 370 63 288 264 100 131 447 3 246 252 369 127 421 413 188 242 238 97 382 448 133 292 482 12 197 297 96 267 435 290 338 286 167 278 24 220 166 156 71 155 191 219 415 81 221 314 58 60 435 305 428 348 93 150 116 1 309 195 411 487 134 235 240 130 4 20 95 133 122 358 398 20 403 335 69 212 485 239 365 450 384 70 292 350 375 172 137 121 244 439
260 386 92 375 234 458 221 299 200 248 336 284 370 321 83 485 43 103 17 429 449 291 130 463 172 400 432 431 177 429 251 109 329 493 479 56 201 253 130 267 205 157 77 104 338 188 117 272 165 345 413 170 397 500 127 230 445 288 209 341 185 117 278 51 206 115 222 403 21 158 257 420 17 209 396 192 79 25 318 341 493 357 294 277 70 172 382 416 111 125 370 332 326 107 397 488 364 16 188 85
333 32 109 181 292 231 403 195 428 267 460 260 456 31 285 432 469 111 294 491 127 283 236 282 369 77 251 357 393 198 257 148 162 161 74 121 272 354 82 196 74 234 237 346 373 236 9 205 138 343 142 404 367 73 326 416 149 38 24 438 485 44 124 239 117 446 490 69 63 440 428 176 393 270 383 323 352 433 50 238 140 326 314 347 291 76 291 240 361 275 204 255 383 324 287 203 71 205 27 461
102 256 152 413 58 173 216 51 148 243 335 175 500 172 355 81 68 352 53 65 328 41 289 88 75 484 464 293 191 369 478 394 262 393 107 398 451 374 40 309 97 402 138 277 142 402 324 169 381 101 444 10 299 4 471 477 56 266 220 277 82 428 33 224 238 35 317 26 125 19 271 233 445 346 495 397 131 393 478 412 247 475 66 197 254 366 392 396 122 431 76 352 89 450 34 462 111 385 400 60
130 248 80 445 340 91 372 369 305 266 496 11 121 160 334 407 250 162 136 167 88 25 320 69 402 163 90 327 284 274 332 39 384 300 359 286 163 337 55 185 382 4 419 486 94 375 320 371 417 85 114 249 54 324 134 308 429 299 174 380 192 410 443 364 96 500 97 155 9 222 245 310 168 452 359 343 482 178 154 218 147 132 241 146 277 197 146 245 249 271 222 109 26 111 406 63 483 223 181 438
236 202 192 419 408 9 174 146 120 299 140 384 392 63 347 329 173 344 86 196 364 322 477 350 330 15 458 201 123 162 469 419 472 453 303 350 62 217 87 474 40 194 69 280 237 53 324 209 419 474 187 297 136 355 197 381 66 461 476 34 235 381 481 392 185 32 334 212 482 81 70 451 381 390 349 79 122 338 448 117 410 197 336 484 224 154 411 357 385 476 111 11 440 366 18 191 280 456 349 404
423 216 96 166 403 14 47 156 239 115 226 238 184 455 344 194 85 462 81 199 335 183 128 391 450 305 305 185 17 372 320 195 457 359 46 102 123 93 432 7 492 98 448 391 407 315 366 91 90 208 346 450 165 79 179 125 216 92 366 389 323 410 166 270 195 404 485 100 395 433 267 58 470 264 273 31 321 500 137 280 489 86 123 193 288 337 6 119 462 135 299 63 317 347 301 26 450 461 442 330
479 479 417 325 80 200 485 321 204 332 439 430 48 90 141 135 409 422 3 399 161 243 120 354 95 361 383 237 318 30 451 397 151 81 72 496 200 264 345 246 358 125 25 63 122 360 339 242 34 332 286 437 51 394 414 256 61 482 282 99 201 26 213 126 266 427 208 213 219 106 226 109 90 154 172 445 147 378 480 281 54 500 413 420 448 398 326 261 323 279 136 142 473 198 220 497 124 420 384 449
490 423 382 215 19 233 442 88 327 439 361 218 240 397 126 192 359 55 165 38 66 358 210 364 437 35 140 38 171 355 14 179 29 239 51 322 318 261 411 483 315 349 446 339 435 58 131 225 290 92 381 206 314 442 233 283 473 276 127 339 64 342 426 212 140 141 274 153 51 201 438 378 263 3 61 69 125 282 110 433 280 138 211 34 102 83 410 215 74 316 313 233 466 453 427 97 40 246 268 20
268 178 140 378 303 54 415 169 234 64 61 427 216 280 276 86 434 431 424 459 214 458 473 49 486 487 51 329 38 214 418 273 417 36 422 326 235 420 406 121 125 300 111 337 234 239 414 127 119 376 479 230 29 93 74 39 169 282 314 195 257 150 3 470 157 120 464 250 415 320 493 210 333 274 277 375 482 271 46 157 431 391 81 487 123 200 486 437 197 156 240 59 483 330 125 388 295 124 41 140
280 371 283 142 129 130 482 454 483 486 430 325 358 404 225 372 283 121 417 344 165 57 466 340 227 472 372 491 449 325 14 480 107 321 171 481 112 66 203 325 239 135 242 136 182 96 32 202 428 104 29 401 286 254 447 91 182 298 313 312 288 389 1 334 150 71 166 374 82 413 274 332 214 453 77 389 44 178 73 63 263 298 432 398 72 49 453 255 451 112 444 143 449 257 364 488 122 475 428 228
310 138 275 361 103 173 268 166 117 335 232 187 37 50 49 332 3 217 71 466 384 173 452 268 455 60 347 345 478 490 258 325 95 118 456 155 492 400 438 387 237 83 301 22 362 477 250 479 204 470 5 274 422 352 96 172 416 487 435 157 286 213 471 289 415 497 258 292 440 356 43 415 152 489 401 440 127 75 154 219 333 48 446 474 394 264 226 305 355 414 110 3 324 444 403 391 63 197 296 81
480 294 417 401 231 41 338 427 76 221 164 93 165 96 482 494 85 16 335 299 465 433 91 289 260 173 152 477 33 400 358 23 237 488 371 432 314 138 393 138 259 425 46 283 350 117 129 60 91 169 497 176 87 124 29 496 167 469 135 102 101 372 459 208 206 59 186 251 225 482 356 321 256 273 86 12 437 337 278 73 373 117 342 135 290 242 152 35 109 142 272 54 321 449 120 322 26 145 400 298
410 246 211 346 399 218 270 148 366 52 173 396 7 302 347 347 36 142 383 357 326 69 208 24 7 465 37 449 253 372 428 465 70 481 92 494 401 67 461 335 131 155 44 341 290 4 447 491 82 440 398 145 185 118 397 379 285 431 359 78 47 112 277 151 335 173 420 379 375 102 227 374 55 461 335 158 109 451 124 474 241 357 83 410 157 190 156 128 81 82 51 151 129 222 361 325 309 480 42 399
194 345 66 187 483 159 391 144 400 414 177 195 156 311 241 158 250 468 104 77 72 496 280 92 410 295 154 344 470 83 133 279 357 320 351 235 160 168 163 397 305 478 260 435 48 18 307 243 482 51 109 14 18 45 85 18 60 342 317 37 291 361 117 175 470 226 126 360 200 355 178 269 220 350 274 170 497 351 72 196 326 487 459 420 16 256 358 413 15 3 481 134 107 138 176 72 334 373 19 307
406 323 286 319 197 43 341 450 113 435 210 66 17 62 231 401 376 73 195 107 385 246 449 408 442 154 225 439 378 292 53 73 187 125 207 395 4 112 51 144 52 208 197 399 11 230 456 108 337 185 450 299 25 372 363 259 109 397 101 311 433 255 411 186 190 493 255 21 53 182 154 420 337 405 13 45 291 383 101 255 429 234 453 264 366 482 273 499 16 392 171 192 159 406 459 220 444 381 498 315
455 257 29 175 197 283 24 445 380 303 195 35 167 282 499 440 225 151 242 389 296 306 327 362 180 63 5 17 44 408 326 207 342 64 251 425 401 307 107 125 331 173 213 187 152 91 55 478 332 452 195 250 414 268 318 194 309 132 398 2 400 312 55 454 46 188 405 305 71 41 60 38 266 110 271 90 294 213 128 45 149 467 384 11 418 100 80 68 284 403 468 161 120 254 68 401 273 287 94 276
12 402 85 143 423 492 366 59 307 316 238 259 13 301 276 84 8 289 352 60 174 27 407 266 195 433 276 4 164 116 74 228 412 39 115 451 304 402 281 362 196 43 407 486 167 110 272 284 418 493 408 29 33 182 273 106 403 495 463 483 371 462 456 13 483 94 311 447 397 454 98 479 19 400 229 368 450 145 373 228 178 343 370 196 197 377 155 409 150 344 308 410 497 43 379 339 263 182 73 156
367 115 354 432 344 36 483 393 117 218 207 84 283 244 300 32 215 134 448 308 267 109 52 464 154 228 11 100 309 309 424 453 412 19 165 62 211 159 207 182 232 241 15 285 297 191 294 122 125 68 237 103 165 449 406 9 287 156 462 257 473 374 217 60 1 416 461 332 372 187 22 121 157 485 408 315 363 97 467 126 28 191 214 412 22 376 300 216 281 179 434 301 371 406 172 242 109 357 341 182
227 420 39 171 440 476 406 346 46 147 378 249 423 216 125 441 66 373 199 315 405 97 204 8 37 196 423 45 250 380 105 59 391 18 79 483 388 273 197 51 387 18 258 480 9 434 361 74 56 279 62 88 303 23 61 451 67 105 65 322 500 23 245 487 287 500 469 101 404 408 259 421 19 224 265 21 400 122 329 221 409 138 455 435 69 186 177 414 230 111 448 133 176 316 280 323 155 476 57 492
216 478 132 291 217 423 102 408 199 368 80 500 470 491 448 317 17 496 350 343 294 40 383 236 353 37 70 322 68 188 162 174 498 84 104 279 403 484 301 405 458 363 331 247 417 426 163 404 499 391 221 361 479 138 80 213 309 106 233 494 347 163 3 100 230 398 240 186 70 98 302 250 156 79 473 302 158 316 321 86 389 183 65 135 76 104 482 102 75 115 12 305 331 79 7 228 329 42 454 435
252 260 315 414 297 139 31 286 24 485 444 111 77 120 191 267 398 147 461 256 270 234 275 249 410 405 492 376 6 394 475 25 393 445 468 226 500 35 341 282 438 477 283 75 411 279 500 299 264 93 185 147 444 110 76 352 4 484 89 10 272 67 207 93 420 414 306 431 117 350 52 292 347 287 322 336 228 354 466 364 84 345 350 35 4 281 290 310 23 346 327 212 57 310 204 444 160 492 72 385
22 397 263 165 469 53 316 183 70 218 160 95 239 389 35 81 81 118 303 6 454 411 490 109 192 476 154 128 407 36 302 283 169 438 322 67 417 209 83 386 181 477 492 193 20 426 406 19 473 253 406 58 332 222 263 51 37 296 198 330 140 46 5 359 262 135 301 144 72 201 168 50 54 444 191 360 129 121 371 269 168 389 56 165 452 405 235 436 139 89 84 251 289 438 400 12 369 131 400 380
307 3 107 17 323 297 249 483 33 399 99 473 161 315 187 114 302 459 368 346 221 172 184 33 486 362 76 201 285 271 92 216 245 400 238 61 77 19 148 328 246 264 33 381 182 388 302 371 109 172 274 100 375 412 383 19 109 208 329 329 227 42 103 218 184 366 229 472 249 23 225 27 302 369 29 444 13 10 241 203 72 75 232 55 50 472 227 164 465 300 229 343 309 24 434 380 361 276 408 109
311 67 360 372 105 222 430 390 496 143 416 39 90 416 200 131 9 158 3 340 411 346 95 309 87 413 369 56 362 500 367 388 83 78 122 51 134 305 250 412 348 356 80 53 14 246 126 370 352 276 261 26 491 464 296 265 483 263 12 71 153 488 138 401 102 125 195 281 393 419 2 338 374 252 462 149 256 74 143 317 217 19 50 152 330 441 72 246 482 306 106 39 415 215 62 160 163 413 356 282
165 25 51 86 313 48 231 123 388 446 143 309 136 284 335 164 474 279 167 10 356 387 124 478 73 429 118 199 462 372 373 302 479 107 107 460 40 27 182 441 486 481 180 347 310 284 245 117 67 440 318 120 490 72 385 211 89 61 26 182 176 25 117 51 34 208 359 376 51 131 404 95 193 412 192 104 274 270 449 31 262 435 166 290 112 184 90 334 308 140 83 333 263 381 452 289 451 363 229 278
449 398 273 240 135 345 308 399 3 163 189 151 84 98 259 454 317 382 332 112 205 243 444 489 130 175 382 224 477 406 413 360 220 330 480 350 323 108 284 350 240 83 108 111 58 411 114 135 142 381 61 123 309 263 95 232 155 384 319 93 108 409 31 243 309 280 491 363 79 342 406 332 26 7 126 260 413 473 148 28 45 141 439 128 228 241 36 296 474 428 335 192 308 146 315 193 223 24 124 354
323 52 384 475 122 151 100 314 167 16 37 198 107 42 321 448 355 135 108 430 189 235 239 225 2 346 39 188 448 229 394 142 165 444 13 424 258 403 271 136 248 174 186 139 247 473 27 146 247 399 120 491 306 276 93 260 226 417 104 166 375 35 10 83 307 475 379 358 337 396 19 341 187 247 482 161 184 343 107 462 337 375 180 429 203 252 177 418 323 281 53 148 405 462 36 446 127 365 311 332
147 173 448 91 265 268 126 374 27 347 161 236 327 211 98 264 220 116 232 470 28 127 3 166 64 382 448 163 206 272 255 311 71 27 471 149 437 103 71 438 388 382 266 217 369 64 189 417 119 487 416 187 413 223 160 430 389 500 250 93 479 332 82 454 57 180 87 143 306 455 340 255 405 141 115 462 203 367 49 250 392 364 134 24 217 391 279 184 78 355 331 51 308 38 350 64 207 67 53 242
78 422 431 452 257 360 111 476 418 496 132 9 12 146 83 323 274 448 166 359 86 487 159 7 28 6 68 446 476 426 484 433 347 398 356 48 161 315 13 474 431 182 442 54 187 187 142 400 185 27 324 336 245 92 297 451 9 99 113 30 326 434 402 363 72 277 345 195 58 160 168 168 362 161 405 202 195 383 167 236 102 269 247 297 275 143 304 179 442 290 358 36 17 29 17 452 230 232 458 51
170 297 55 235 305 249 415 307 97 226 417 187 401 92 16 489 304 308 343 95 128 423 480 183 309 440 146 223 443 59 274 458 208 10 363 324 92 80 27 234 376 211 466 148 334 478 446 301 473 144 316 345 72 110 479 260 355 272 456 233 442 386 103 164 133 440 35 416 151 53 169 393 39 474 275 77 432 234 370 320 181 373 192 297 32 45 114 407 189 32 235 119 126 353 420 266 28 367 342 86
31 295 363 478 79 488 234 106 151 479 222 407 492 174 288 323 134 89 229 130 128 116 273 383 219 216 480 446 484 229 168 370 38 365 245 131 351 333 111 44 131 283 142 1 407 447 192 196 143 76 193 373 122 496 396 80 107 485 395 265 320 410 101 89 245 139 158 232 18 26 16 374 320 78 409 441 304 271 28 463 91 324 272 65 198 400 125 461 277 54 313 285 177 190 318 322 193 307 196 213
239 179 79 449 18 468 196 373 424 462 124 421 58 53 202 317 248 497 216 369 303 8 190 94 258 33 30 383 401 420 305 354 249 426 186 493 482 301 309 215 101 274 348 331 178 48 64 313 405 167 95 373 9 499 354 9 47 152 22 208 486 118 202 489 305 263 47 473 371 453 228 411 388 472 6 319 9 383 323 165 67 198 8 236 163 148 60 55 80 301 486 94 244 1 71 92 404 172 374 285
417 428 441 10 323 210 172 383 233 60 398 428 463 342 442 257 471 204 116 317 440 15 178 149 375 157 200 333 145 210 485 248 291 498 264 280 450 114 434 234 39 96 22 63 66 488 22 122 133 52 256 458 428 241 236 266 488 199 266 51 151 137 95 72 497 144 395 78 210 110 433 11 356 161 233 335 214 8 174 165 218 12 442 320 284 23 482 233 408 120 446 179 484 475 59 273 386 467 248 139
102 282 265 450 156 333 88 331 308 440 147 42 488 261 231 215 350 477 343 45 421 230 132 449 318 458 388 498 31 165 126 380 315 266 141 387 396 97 319 202 127 205 215 184 64 392 65 406 88 295 331 375 28 256 24 131 444 344 415 424 227 220 319 199 121 340 433 351 297 402 240 223 92 244 108 437 494 144 486 279 97 132 148 453 291 413 12 274 203 236 53 289 353 451 435 406 221 8 78 394
2 94 392 49 28 39 366 359 463 110 35 379 397 145 121 445 87 443 22 498 263 112 97 381 429 340 409 95 290 312 8 176 300 85 37 318 238 465 80 212 18 393 76 5 395 104 230 396 163 413 464 437 12 73 77 59 100 431 270 104 489 195 462 71 281 226 277 85 30 151 434 370 334 109 85 432 60 417 322 489 117 377 294 76 159 155 205 228 207 103 58 418 128 306 127 190 57 455 223 417
288 403 314 97 46 163 374 22 317 195 315 488 361 327 186 62 75 311 477 293 498 321 102 445 455 115 388 326 26 278 170 245 190 103 275 46 262 142 382 345 395 90 153 307 339 489 414 413 299 335 436 316 202 230 105 351 416 477 237 349 251 182 48 57 148 237 392 85 86 149 330 337 464 26 36 202 378 133 336 64 377 186 310 414 342 12 247 413 29 101 329 209 80 232 66 208 163 52 392 398
450 329 355 222 252 398 121 187 308 396 370 278 340 345 25 347 175 412 366 476 67 169 275 164 411 293 408 365 449 439 420 339 43 171 407 298 44 140 399 126 360 142 11 208 267 372 485 195 20 424 105 311 484 248 216 206 29 79 201 400 475 469 460 244 458 257 458 228 193 405 309 63 34 39 328 256 348 188 238 296 219 170 111 494 6 345 221 38 164 87 413 124 17 413 200 190 33 184 160 478
181 443 465 119 113 41 6 450 90 58 264 300 288 57 420 171 377 27 36 437 425 72 459 296 436 159 263 18 23 43 79 362 23 429 476 28 453 72 277 210 26 397 411 313 167 472 38 144 89 444 54 367 124 360 393 223 399 83 73 392 157 137 275 340 340 344 8 430 190 203 209 27 495 342 199 251 395 70 324 288 38 80 379 11 424 481 351 430 137 330 93 6 145 378 443 434 34 370 492 222
192 203 261 249 371 364 230 384 371 123 108 396 159 259 84 288 266 23 353 270 117 462 411 455 362 252 366 277 159 376 91 497 406 380 49 81 350 421 228 95 404 187 350 162 106 282 180 71 153 207 302 126 244 263 318 43 150 224 400 3 294 466 317 169 370 412 184 257 275 472 102 108 472 337 236 121 337 198 150 497 46 89 367 423 426 312 477 359 454 402 309 244 293 55 419 65 239 42 470 445
179 39 249 105 93 478 206 326 313 124 462 303 343 410 268 362 390 313 452 468 116 433 61 481 92 151 451 439 209 306 497 343 263 317 379 261 344 484 83 473 201 45 273 189 385 337 255 414 74 481 184 153 205 198 325 430 75 187 320 422 243 336 166 12 140 319 144 201 474 418 1 408 387 462 362 453 401 175 374 95 116 155 191 475 170 76 172 390 199 272 107 259 442 395 324 395 292 358 259 78
459 472 442 426 62 39 147 89 239 165 235 106 19 87 137 301 121 191 129 113 191 85 395 428 232 165 438 104 448 477 81 411 410 334 138 168 393 471 409 491 21 352 328 49 55 499 105 417 80 96 92 326 406 287 56 408 132 40 14 334 193 448 452 241 79 436 405 313 483 59 288 238 140 167 154 145 358 254 3 295 486 69 328 406 493 227 324 11 431 311 38 459 363 495 142 105 111 179 67 297
430 108 437 222 482 437 285 65 329 323 161 23 433 418 70 273 317 467 127 357 375 125 297 310 198 380 62 399 95 145 166 363 2 237 122 275 228 115 494 265 285 115 43 322 12 289 308 261 146 224 286 96 464 24 59 272 340 282 486 317 165 346 36 298 138 92 333 197 61 270 8 85 169 456 422 282 443 231 164 11 237 143 37 17 451 478 410 227 245 8 349 141 91 445 6 373 252 36 219 430
417 189 190 441 19 5 216 422 405 50 99 116 333 369 463 382 374 66 167 123 452 485 216 313 82 163 488 302 377 147 368 342 147 413 148 137 318 393 16 279 75 146 207 48 305 178 125 90 67 197 92 253 399 315 154 153 414 386 411 254 380 22 75 389 352 258 146 148 26 196 21 87 388 12 17 471 42 288 282 488 9 298 223 302 179 144 36 18 405 12 474 296 175 226 151 479 362 274 266 386
20 242 191 437 193 159 495 52 139 148 118 351 151 94 63 499 201 319 81 257 498 221 87 32 167 63 444 123 271 8 228 96 67 77 353 327 11 247 78 464 316 374 310 196 254 336 205 247 59 258 317 410 59 222 56 347 75 100 262 85 85 208 376 383 31 439 62 490 411 109 178 481 79 131 103 67 363 424 427 40 35 21 21 139 309 47 382 496 73 476 134 279 28 143 49 243 271 118 169 239
258 47 376 133 390 353 224 320 250 409 297 319 407 109 441 63 407 421 54 369 389 196 165 335 444 379 37 479 309 280 56 480 150 370 177 195 66 263 115 57 39 169 186 177 263 230 313 378 435 176 399 431 176 152 10 295 277 132 222 383 354 480 211 364 122 76 44 482 217 102 96 105 43 400 154 485 232 325 19 72 421 281 218 305 362 395 256 351 176 418 376 425 391 177 333 273 315 453 351 309
2 124 355 150 393 30 382 182 205 408 468 380 486 268 239 165 368 367 64 252 180 256 159 84 452 189 380 424 394 351 9 415 323 172 209 384 270 441 430 457 267 496 166 243 66 481 127 276 157 269 158 447 240 143 382 76 112 34 492 349 93 196 215 138 179 281 166 244 368 390 267 133 480 365 421 141 345 144 21 164 153 183 394 355 98 416 175 463 301 52 63 97 283 477 360 444 305 60 74 167
473 269 182 346 414 375 124 138 5 255 114 346 103 379 115 53 440 273 311 187 22 291 175 291 78 317 33 81 33 28 252 396 296 25 168 94 109 49 475 163 418 127 169 224 268 373 264 427 449 223 212 443 450 104 262 347 214 253 185 423 94 471 496 384 205 308 122 313 172 311 357 250 354 46 283 120 332 495 410 296 242 353 357 268 159 184 368 358 59 46 66 467 495 236 54 147 8 289 112 207
39 387 449 301 344 310 38 342 457 495 393 377 33 470 372 130 185 74 18 20 12 51 101 18 168 84 217 139 344 293 2 442 473 165 489 45 335 497 113 412 115 366 84 200 462 478 112 243 305 149 16 266 220 65 219 413 39 380 219 352 70 146 103 353 126 182 419 107 273 16 112 472 154 30 458 40 392 415 32 180 475 444 417 214 192 300 399 103 278 113 448 378 290 3 47 347 436 405 347 76
299 219 174 262 87 356 291 313 197 303 55 413 236 207 294 389 218 232 154 111 32 49 466 256 136 453 421 345 170 207 150 332 468 10 237 21 414 261 169 116 308 325 149 103 276 464 102 255 34 14 35 444 486 147 283 286 479 298 135 467 140 34 6 250 190 467 26 426 427 302 405 470 332 142 459 138 491 212 123 244 147 215 185 390 253 242 386 135 228 241 31 489 337 149 252 152 389 388 413 356
109 463 6 94 375 186 451 175 16 146 224 49 9 155 345 144 444 235 106 426 470 46 75 78 343 213 246 398 319 176 489 243 394 370 217 30 386 146 380 398 63 154 6 443 399 155 135 105 98 75 306 235 54 361 122 464 262 50 443 51 257 51 257 500 126 433 4 399 133 455 467 295 34 64 321 124 86 323 7 79 106 49 232 460 310 207 165 257 175 22 385 375 321 320 253 275 367 495 286 273
151 495 441 420 313 322 249 108 467 482 38 231 87 434 403 457 283 52 362 227 376 281 100 9 392 29 443 462 428 258 391 182 439 283 419 331 101 421 31 495 297 465 401 334 113 241 227 492 320 116 287 377 328 277 238 258 12 435 472 332 442 318 129 293 457 173 484 55 471 361 399 170 257 186 128 318 245 169 360 325 445 432 275 417 309 487 294 153 250 426 154 350 241 168 109 408 9 92 329 444
269 426 327 121 48 135 338 283 250 79 165 82 318 71 113 118 318 111 447 296 167 407 175 246 183 120 120 406 276 223 64 364 391 167 8 153 385 458 434 431 393 110 110 107 396 278 313 393 488 32 361 482 489 471 63 495 406 415 397 460 295 52 405 459 237 17 154 462 379 459 266 140 225 378 285 235 120 482 459 272 346 137 76 329 127 143 429 163 327 244 499 480 108 20 101 182 449 418 6 297
384 283 281 51 497 82 154 422 461 121 150 329 83 324 232 133 404 184 230 174 128 39 130 329 470 6 408 114 90 92 2 268 319 153 371 241 192 422 154 427 377 4 393 241 359 3 171 346 129 249 344 119 114 207 443 40 291 314 313 177 460 74 399 312 292 485 289 167 67 435 215 435 105 113 14 183 15 139 397 220 375 362 442 176 250 402 375 124 255 193 413 333 63 203 482 475 128 312 258 149
465 479 180 480 224 440 30 400 482 280 97 268 47 85 469 418 351 248 328 126 407 51 247 430 233 428 445 163 137 419 263 110 291 370 344 83 107 207 336 51 37 75 181 412 14 492 133 355 174 397 16 189 245 384 63 437 28 185 307 92 235 137 116 255 355 111 60 304 369 64 118 96 438 171 243 46 26 79 358 410 63 323 27 23 236 5 229 89 129 459 334 78 463 447 73 185 311 263 434 242
352 452 87 109 251 498 445 120 455 62 114 172 76 101 433 324 276 129 359 175 142 326 134 209 111 103 355 58 463 289 377 386 294 255 200 276 142 303 30 327 161 146 437 148 249 337 289 38 234 422 253 241 221 394 208 423 397 30 396 151 439 39 157 285 267 246 150 328 65 15 239 249 114 41 199 246 217 443 421 305 274 193 207 230 60 85 371 462 397 218 497 173 457 364 480 97 270 110 370 6
186 194 444 115 28 135 122 455 318 481 384 187 316 19 333 328 276 224 65 37 443 135 284 247 66 236 411 184 211 96 200 349 128 290 313 96 136 348 111 271 51 174 279 489 7 355 98 187 175 369 198 214 478 485 359 262 70 464 292 147 97 144 213 9 415 115 309 453 124 403 221 234 45 418 79 126 360 247 68 486 349 51 9 233 43 146 188 379 248 189 264 12 300 139 197 90 366 54 129 355
428 293 35 291 440 388 316 460 461 379 403 205 224 360 64 297 471 403 206 163 215 110 424 305 82 257 124 10 472 30 168 234 370 493 152 483 140 106 425 372 443 353 315 98 9 114 374 471 249 39 256 336 490 297 170 65 18 384 254 226 283 335 282 347 3 465 47 16 66 188 446 70 128 221 465 253 349 349 347 285 409 62 78 121 39 388 20 44 113 332 201 97 135 252 66 214 495 399 9 368
425 303 45 342 458 86 243 82 417 99 279 366 259 272 478 330 352 399 333 32 386 76 314 475 193 302 276 492 444 232 377 410 116 393 471 344 340 110 292 469 156 160 489 46 460 78 361 444 379 72 93 125 144 470 489 368 430 380 460 102 41 302 88 417 129 122 177 5 491 73 182 286 319 405 133 327 125 89 264 490 202 87 16 319 221 43 253 14 419 211 325 340 150 232 287 458 374 383 342 488
421 80 88 349 246 343 244 314 330 138 382 24 460 332 429 445 104 475 495 14 214 133 262 161 72 263 147 229 255 134 54 34 144 126 297 63 330 381 254 348 426 136 144 433 236 500 138 36 399 248 58 109 267 90 431 499 72 164 15 451 17 115 290 210 10 210 171 366 143 359 111 389 48 166 104 481 484 364 77 398 154 450 66 294 155 419 72 486 7 321 185 418 212 198 485 212 498 489 364 59
72 230 459 484 330 214 500 359 237 461 217 310 431 2 118 464 432 229 20 234 171 38 377 134 337 332 366 299 119 479 408 400 273 39 363 347 400 332 368 108 30 411 134 406 111 312 32 289 258 78 96 436 422 172 51 152 413 105 155 106 185 137 313 268 56 128 4 372 161 20 472 252 69 443 193 246 411 455 481 308 157 225 169 412 351 146 155 195 41 66 103 354 108 131 393 62 142 343 258 342
3 329 129 183 104 93 57 409 161 53 86 44 106 282 220 414 62 243 267 98 270 45 441 36 74 361 222 66 299 354 34 360 205 477 489 432 59 347 451 39 117 485 224 93 16 185 200 394 142 278 42 423 331 265 159 193 222 467 194 63 235 426 310 350 76 258 170 396 297 133 339 4 450 66 69 12 310 130 439 473 202 462 276 201 369 377 360 277 298 165 267 491 205 79 284 299 409 131 1 107
283 65 310 298 95 32 371 136 43 261 57 209 231 432 42 34 178 432 239 139 486 478 90 33 49 93 193 269 347 473 497 44 175 436 94 368 317 476 446 140 15 289 266 214 213 76 229 35 243 186 194 491 50 144 246 137 117 296 456 420 76 465 271 231 49 235 31 263 65 486 341 440 426 443 32 150 46 86 321 227 204 26 264 343 195 197 336 453 425 479 284 386 158 62 306 439 188 89 278 246
202 110 278 200 6 108 473 174 100 425 110 92 33 68 332 314 417 169 128 11 170 83 252 53 274 157 177 373 200 9 413 425 137 393 472 97 134 331 436 366 397 453 389 136 189 165 271 52 342 347 498 365 295 348 65 27 330 483 209 500 265 333 22 124 486 319 214 293 145 375 15 489 435 162 285 291 172 258 231 252 369 434 51 341 44 15 231 313 476 311 20 300 210 375 500 477 410 401 354 341
7 189 87 441 255 107 44 370 249 338 80 490 472 122 179 121 70 83 27 466 456 461 216 244 427 449 68 288 269 337 457 255 282 144 213 270 459 114 433 271 97 121 476 494 329 436 301 80 63 447 19 295 5 477 325 303 402 157 252 310 230 133 355 224 357 1 235 18 8 53 242 434 343 387 447 340 284 340 306 70 459 434 28 134 470 127 321 271 19 375 237 185 373 85 178 227 420 84 217 285
36 87 175 222 173 253 386 326 210 203 2 133 461 186 110 149 110 94 197 446 178 329 440 80 92 244 81 476 61 80 482 360 385 20 223 494 120 139 291 115 66 386 471 22 250 173 431 325 113 26 458 256 382 400 58 286 43 15 101 321 317 168 42 243 49 296 102 65 361 209 432 105 449 224 194 366 437 414 277 500 285 439 94 477 67 74 362 174 122 492 180 11 408 455 203 337 233 264 464 194
