10 10
10 3 20 5 6 36 13 50 3 28
33 47 27 21 5 9 47 41 13 8
48 37 1 8 13 33 19 9 1 40
41 12 48 46 2 6 23 23 43 40
50 45 39 24 19 20 45 30 30 50
8 23 16 22 50 37 41 24 43 16
31 24 47 18 12 36 36 1 49 2
8 50 47 29 23 24 49 34 7 18
21 49 23 35 16 6 45 16 13 43
4 14 25 17 49 7 1 1 10 8

10 10
49 47 38 48 9 44 15 17 33 37
19 42 49 18 19 47 23 25 27 1
41 31 36 28 20 13 5 45 26 29
27 9 7 4 30 45 12 32 16 20
45 10 17 5 5 42 24 30 21 7
34 12 39 49 8 46 20 48 30 1
4 38 21 39 14 31 40 19 38 34
38 41 49 43 25 29 40 24 13 28
25 34 42 33 32 23 22 19 46 3
34 26 22 36 25 8 33 30 4 15
